100
4
1332
4
9583
3
616
10
1029384756
100
9999999999999999999999999999999999999999999999999999999999999999999999999999999999999999999999999999
93
777676677776777766767676676667676767676667776677676777766777777767666666776767777676777676666
2
00
93
729883666364716813719584128486972996232224266831412325933798139561797165492772951534276156226
100
1222121111221112111222212121221121221222212221112222111222222121222222122222112122111122122211121222
99
738554585889874285565568243372684492865699459595865284976567795288548725992848864355789889282724644
92
65543465363636336446563636664334356643535363646635433465456465665333664563665363443335446346
99
385553746568534764577765646374834378834687477878567476336846485653538448346363447853864656644655377
95
01454515154210014443220204305415512400552034224235553135225105330004142104451404314154220310333
100
4272462511276473111266485817357868886675651818881455542446165553235143828842664166733326114171474883
95
55394739699834578697397867939648864638554853785676574498467745893899389764366733489877365357788
91
2576872268682868638643355234588387583385336385786633223646832473684358574572623364885886267
100
1111001011010001101000010001110101110110111011010001110000000001000000100010111011010011111000111001
92
53431553242113442344234414442224112213552241112525113115443111555112432524552422314241152451
92
75776565657656665577557555565575665576767556557675666656757675655657565667776767566677566576
100
6976234499132124816941212755566481578291656153818912388111576881534999757826258764735524953735177159
94
4163665611645523465654165655424345133625133455234131533322164232154662521233642354344463554366
99
011020020110210022001001121111122211201102100022001022101201022221122112000121021221221010100200001
94
7577765775655567667757775677656555666776567765566655665655777775666775765765767555757555655566
99
998978778797778978799798899997778999988789799878897988897977989989998897787778987987998887988879779
100
4657564367321356752184242338683376776996681332645465964276328731465535389185251612388869543368883182
90
666676666677767776766677667677777777666767777776667666777767677767777666776767766667766677
97
9679698989878787886968696878686876998869996677799698666967879767987976679898799996696789978898997
96
001110010001100111001010011000010100001001000001000100101101001111011001100010100000111101110111
95
57467474776754674744655644744445574655545755767445464667455474477467444675667745556676767746557
97
4344333333434343433334334444434333444343333334343334344343434334344333433344433334344334334334434
96
444433442423234322242224222322422443224222432323234344433324224423422344432424223444442222342424
98
02220112121221211211101212111021210001121211201211110102020012112012202001101120010210201211100221
90
443552514243312531344415153242534242441322153325123414342252545421324322132344423343223133
96
476484648676868646866688645447568754478576876888546845678765458767474564876455477775747775855788
90
213131333113322322322321213323233111222213313132232221113232131311233322131131232131122222
100
9888988999899888889899998889889989999989989988998888999898899898989899999999998989899899889988999999
97
7952887997294743582249374439552947537495443953956946394474945388733366454694627699792395233776879
96
112111111111211221111121211121121221211222111212222212111212112111211211221121122122222212112112
100
2111211122222111221111212212221121222121221111122221221121211211211221121122121212112121212112121221
92
44444433443433344334444444434344443343333444444433344444333433334443444434433334443434444333
3
011
91
6643554866765536544373737584845736576437734445784848856765634385364867746466644677653448553
94
5656566555665665655665566665656556666656555665556666556656655655656556566656555666666555565665
90
656666666666565655656666655656565556555565655656656666656566555665566665656556656665655565
98
67839217489562412249147658328286997352217415417334567566797319693199647985224923694672281365167924
2
01
3
211
96
223302102311132312012211033030320311033132133110301323113311032200331122130233022032000220222113
91
3055729171341973681282941562100033073598946550666844697259010802985768475883758835309877976
96
298173663238946559693911568483493139981882759726459132383568242873992443531279397495677577722488
97
5525523435332552254222234524535355525424543234524453352552422532332523343542225243355454333342445
90
589588594335943372069856142007779740692796182112391799593772725264731943223188355478534043
100
0000000000111111111122222222223333333333444444444444444444443333333333222222222211111111110000000000
97
6223137552456300305275446270072276304374377437057561326264405412232261457762636442623705055053215
5
19091
99
998897689887889989869969966966879868667997878777768699689777667986769699968979969776678689688676689
92
11212001022022001110122111012100011111012102112200111221201011010001010211111212020210221010
100
0000000000000000000000000000000000000000000000000000000000000000000000000000000000000000000000000000
98
87222785962497596526835673722457488396679346563365389444339792673564323728238827692735969363683677
100
2533522442343534543452225225333242423252255234334343345242443552554422335433542555232452353233442532
95
61434242773305671774312361505606046406710207223244751515110747242753612271472224156436262277375
94
8688686777678678668677887866787687667878777777877778866668776888787787686878888868788787678786
3
110
95
43144144030241414320240330201232030411004012322112314411224020322302422441324130213201121241221
94
6567767777567776765767575556556756776755675666677757565565757555767677777655757657766757567567
96
664363535898764437734838696544543849836537957953453688746944883389489695478784444638789978798993
3
001
100
5132169459159122493637659766535741889755847511916173533433839497489772819956393825341927737732724297
99
566132230277868154162084207566111221640727832585063301287014323108778472430201820046285782626554115
97
7888877787887888787787887788878878887878787887887778778878888778777778777778877777887888778787887
95
44545453344636635645444465644566666654334636363353456344635533466555465543366463664664535455565
92
44544444555555455454444554545545454445555454555444554444455444455545554455444545545555544454
98
89988989889888989998898888899999998898999898888988988988898888998988998988889988898888989999998989
90
736565878636462344684784877432742477664852337645833623552673257533367843426323432485867543
100
0123456789012345678901234567890123456789012345678901234567890123456789012345678901234567890123456789
99
232244343232232242434244442343332443424243444342243222422434442333422222233423434422444432232244433
7
9000555
15
222229888888811
99
772364724354426726426263567532752622625735455652252226362423646527565674653274255273654255544626443
96
121301123255446231650464413616450244060260554431645424303335013406404405331104453323612031654105
90
445545544545544455445555554554455544554555445554555455545554545554445445544445555554554544
94
2722808696160024895713435021689166107506936197010440580466119563307980159031020480826355101652
2
10
3
112
97
5656577656655557667665655676757755755757575576676577575576657565755756677657777565777777676666557
93
123222322152342313351255425252333113322235424233111542341332454112135322251523154222511532324
90
300312113303111131121110030303301000311311123013110130231131033333332320102303132210211030
99
344444443333444444343434434334343443444344333334444333434343343344444433344434333344444443333433444
90
353441442155354543423441235321452413512543223432454441314224325424513215223353311352423454
99
334333334444444344434343443334444343444434334334443443443444343343433433434434443343344434333343444
97
1222211122222111222212211112212121112111111112122211211122112212111111112221111121212112212222122
93
878787879998889997978898897799887898787887799997977778878977979777997779779978898998797999988
100
0987654321098765432109876543210987654321098765432109876543210987654321098765432109876543210987654321
94
3656321154372252245264411742121716551222561215244236133275231223477332723364323122643353255161
96
343442423345424252536345662646624552364325353646526263422366236554636352635665364323326644534533
100
1129944933242448889836827455477822913685287542212316128661861754677972433913714959178458983874883747
91
1433141242343133123340110431114220141244332402424204114343440204110430404243002311210210334
97
4444455544455445454554555544555544545454445454444555544444455545445545444455444544545445555444554
92
53544534533433334333543535534443353554455553443445535335443345535355554433545445433333435353
94
6565556565655556656665655565555556565666655566556555665566666556665565655666565656665656666555
