100
2 1
2 2
3 1
3 2
10 5
100000 1
100000 100000
100000 50000
81218 9214
87202 12476
92366 72756
88612 58831
94135 65615
93512 2523
82136 56778
94384 77121
87025 74699
99543 6301
85784 64023
87356 14226
84454 80002
94012 60436
99187 9748
96518 25443
88588 60932
99065 92246
82982 47961
89586 76851
83152 51368
97720 96549
94480 81204
96857 55630
99118 86334
87438 35132
97072 75947
96200 43519
98448 15148
90043 25985
89166 16887
99446 45988
98623 14908
90839 15192
80200 57849
92928 40684
89297 70590
99071 71746
94127 59324
82081 60108
87679 32200
98182 48895
91198 45875
97529 56436
80015 51028
82591 21996
95452 5025
81289 67185
89379 29482
93704 69715
87951 82521
81404 64113
99602 27232
94113 4978
88883 43623
84152 73194
97837 68728
99689 46785
85579 72014
99577 82255
93932 9150
89698 27759
98230 48604
88098 51632
80117 3970
93190 74484
82057 66983
98681 97056
95490 90978
93605 15170
97945 68118
85078 8532
91441 31339
86030 36349
92289 49213
91203 24705
91032 4925
89609 73694
84379 18956
84962 55730
81986 77164
80901 13015
90313 8252
98769 90288
91582 52692
95789 9429
94828 14354
81401 9778
83194 59483
91141 18657
88103 53500
81363 34464
