100
2 1
2 2
3 1
3 2
10 5
100 1
100 100
100 50
94 53
83 83
81 46
85 62
82 16
99 55
82 59
93 19
83 34
94 35
92 63
80 64
81 48
90 22
81 75
84 22
82 29
90 83
96 49
96 95
81 7
90 88
89 78
87 4
91 16
82 69
85 76
99 78
92 32
100 56
81 33
90 28
91 6
99 67
86 78
86 81
95 55
83 70
92 3
96 55
94 64
91 24
96 82
89 22
86 20
83 13
87 78
94 82
93 33
93 80
86 17
88 6
92 35
96 84
88 45
93 91
95 21
100 19
90 8
99 96
100 48
92 31
86 40
97 16
85 77
95 32
96 44
94 74
84 1
85 56
82 12
92 59
99 32
100 83
100 31
80 4
100 27
89 46
83 2
86 18
83 3
96 46
96 50
89 71
80 12
86 41
86 84
85 4
81 8
97 39
84 5
81 45
