100
5 1
3 1 4 1 5 9
2 7 1 8 2 9
4 8 15 16 23 42
5 5
3 1 4 1 5 9
2 7 1 8 2 9
4 8 15 16 23 42
315413 83704
0 0 0 0 0 1000000000
19542792 81717230 43823301 11161709 66739943 138274379
23343869 7981114 56588677 55872217 30969543 80817210
91304 66509
75388301 315777466 90103738 165797012 323684736 334405745
999999999 999999999 0 0 999999999 1000000000
4655031 278857847 261080347 252015131 26396340 421860322
400000 100000
0 0 0 0 0 1
999999999 999999999 0 0 999999999 1000000000
0 0 0 0 0 1
400000 26625
0 0 0 0 0 1000000000
351985400 545860455 314180217 292086243 272495805 571745904
472714337 277479889 269248135 80087761 412735491 633741788
400000 100000
127025402 182153564 82189707 140420986 74722306 301925577
127025402 182153564 82189707 140420986 74722306 301925577
327821 296466 359520 243462 118120 400000
400000 93596
50217638 241408405 326944589 743882439 552009916 872534480
67709129 29132383 75888912 60963311 31249564 97650515
208713064 134257546 480343330 74376639 328763382 482958898
197952 40619
253612497 221071305 13946017 216604545 259475497 513088061
1869705 26850278 10470978 17342923 910025 48941765
219939901 416264835 730733186 499469782 520409496 759210428
400000 26625
269823619 150469773 418036090 374048949 99574471 593753843
269823619 150469773 418036090 374048949 99574471 593753843
53319 41109 231438 11548 7244 400000
132789 74811
82961253 487975250 650906708 430265101 737788130 754878415
1078763 24107641 48335377 36195713 54597281 56466558
119620372 177435004 221947662 142571409 86061991 485006132
39379 91213
0 0 0 0 0 1000000000
999999999 999999999 0 0 999999999 1000000000
198054393 169241999 399429585 321934280 672112108 703940991
315413 83704
815480908 703068715 42152073 654024295 308850389 988547005
815480908 703068715 42152073 654024295 308850389 988547005
296303 271013 64264 22608 311165 315413
400000 100000
0 0 0 0 0 1000000000
999999999 999999999 0 0 999999999 1000000000
571974781 61356096 569535750 101866761 619724136 931569219
400000 100000
42841681 117663887 155004573 333050649 567806216 629544551
55615929 410278515 206967451 167730048 359534946 590517634
722939020 22814955 290481938 208969642 237266401 765852077
400000 100000
638409127 22890687 370391296 843202965 302416553 999119752
999999999 999999999 0 0 999999999 1000000000
23659331 116060678 39560085 22810509 6269438 196031149
261972 100000
548733001 590729585 720839003 662834741 290062003 738679314
999999999 999999999 0 0 999999999 1000000000
427163271 471754208 109104474 168211362 813332732 971614149
400000 100000
205438689 57219586 239211478 16280492 209635088 318436588
205438689 57219586 239211478 16280492 209635088 318436588
266524 245195 40780 18296 350554 400000
359195 100000
0 0 0 0 0 1000000000
999999999 999999999 0 0 999999999 1000000000
18030963 54244046 2737861 69379785 120279745 191599288
400000 100000
812951651 848199871 705733448 382887796 266209295 863582956
812951651 848199871 705733448 382887796 266209295 863582956
183047 248821 325887 269521 190040 400000
400000 61952
221822135 156886325 19697100 736240947 585560958 795421973
999999999 999999999 0 0 999999999 1000000000
912325744 897616757 135668296 21023968 546218831 938686529
400000 100000
299336810 91941470 372029870 180890765 410690674 638489544
299336810 91941470 372029870 180890765 410690674 638489544
298268 360235 347026 36040 396202 400000
400000 100000
0 0 0 0 0 1000000000
33852910 41945624 59779040 78558357 3024302 120015933
294366598 283776124 304090616 223182096 27668190 342940754
400000 100000
38530597 574046639 490036981 229717163 576918406 969024209
38530597 574046639 490036981 229717163 576918406 969024209
343252 236379 56207 268150 212234 400000
154934 100000
0 0 0 0 0 1000000000
148285768 103128417 31585731 68663709 80122356 200211099
238129524 17951676 658368384 817417745 537558469 837075153
400000 93596
110962168 30538801 88526646 107476356 53967174 112346657
999999999 999999999 0 0 999999999 1000000000
325665211 385305191 400999008 755515 170530113 455470878
154934 100000
3172963 147267294 388602661 80250256 353313511 414680310
142037574 98104937 224512526 164503860 217454627 305160968
273805207 619810268 693076001 354170119 539680360 771170534
154934 100000
212767482 230265318 95066778 51205089 28056124 256089258
212767482 230265318 95066778 51205089 28056124 256089258
93579 104040 147318 124417 103299 154934
91304 66509
258144696 162517936 130404928 133288143 103775007 267903580
191996624 177895724 30278729 468228439 159794898 928965510
215131234 942816390 58543981 550456346 724660953 962271401
154934 100000
0 0 0 0 0 1000000000
999999999 999999999 0 0 999999999 1000000000
244138266 90060835 262752169 224124951 397137831 489900162
64173 80920
178079703 58425369 59961617 130706077 160157227 202042310
521612050 478533530 388439454 452795121 343730312 891612750
136735524 257814715 211565951 429226376 116803450 448847498
400000 100000
0 0 0 0 0 1000000000
999999999 999999999 0 0 999999999 1000000000
2942220 12373252 26341754 18312287 21345510 50171033
315413 83704
488997063 686912602 659930398 455551649 622238840 710511734
999999999 999999999 0 0 999999999 1000000000
176800215 383348512 392622294 508682739 375223013 619674611
400000 100000
455291844 460434234 241078165 221006857 269368948 462839396
455291844 460434234 241078165 221006857 269368948 462839396
268296 12837 97731 257016 16171 400000
359195 100000
0 0 0 0 0 1000000000
280914361 398360527 558054923 319671319 156630785 559763346
84108022 122355900 117351514 45582616 151582946 167674760
39379 91213
161098283 816363787 236368386 206029221 633337887 912317123
333571072 70616848 193004655 106709904 491298747 710462094
49779364 151852594 63160928 115477242 107437106 160749396
400000 100000
6655339 27409979 42399675 19937706 51096421 51109481
6655339 27409979 42399675 19937706 51096421 51109481
115699 227779 309367 299451 242268 400000
400000 100000
9995890 11476630 14165691 822368 8034330 15827276
9995890 11476630 14165691 822368 8034330 15827276
0 0 0 0 0 1
400000 100000
525370126 449321253 709856024 195363049 17745586 849488859
798670885 911515764 845604494 152881796 312348348 943784595
57946937 92598429 33469806 105587260 110523879 110533642
11853 6129
155847143 448979487 17384921 143228874 395416027 470767164
203412172 14947428 34826007 199560451 223973309 224252686
68063435 77987469 44214473 8613246 96956448 98666367
400000 100000
298140709 647041137 216002957 124911894 606289696 653691409
298140709 647041137 216002957 124911894 606289696 653691409
373648 54847 282303 100227 123530 400000
400000 100000
7279410 7992272 8667155 6067993 4925717 9669755
7279410 7992272 8667155 6067993 4925717 9669755
214528 103625 44184 395338 236433 400000
400000 93596
0 0 0 0 0 1000000000
999999999 999999999 0 0 999999999 1000000000
49200591 592694879 398621171 528425355 192106827 638496289
400000 100000
142218595 85967306 160848239 107852404 71336967 209839959
646982654 222816304 321871554 566529756 522894034 666964544
213501445 271397938 181257450 447128250 394656620 988691248
261972 100000
193131811 153131363 71680359 11759159 196715214 213178534
303617717 321544859 66381058 605332264 252814895 845364980
215050882 159061989 288907774 269282778 328877167 446426402
400000 61952
215058115 168135606 20418946 43567968 120572953 292014919
753791403 365614533 1713375 695023199 150850604 943016627
696556483 688105895 9120604 444506091 105471757 751147597
400000 100000
18866819 208196155 221124937 132918118 34393763 226098275
18866819 208196155 221124937 132918118 34393763 226098275
26452 85027 347028 4970 394740 400000
91304 66509
0 0 0 0 0 1000000000
999999999 999999999 0 0 999999999 1000000000
229271 5378001 1663760 2136143 1949092 6861736
400000 26625
250502559 375240012 367064799 72447233 389526062 460598713
207799176 254011087 269612073 248183010 173291807 350754735
260521186 92022508 353227144 401739486 208316535 532847349
44740 10361
47838810 139802748 22451168 19243615 113795438 379948686
357662653 261926276 16027423 344455723 382206562 852388263
551491875 141920672 654468681 323059754 474134005 689957418
400000 100000
118651627 187500893 56059189 219260152 130249359 334723014
118651627 187500893 56059189 219260152 130249359 334723014
106157 341246 218403 289203 373488 400000
400000 100000
292902958 473268622 164115105 288591492 577230241 734703552
292902958 473268622 164115105 288591492 577230241 734703552
33821 220446 1968 272176 327693 400000
315413 83704
328361357 426026854 462154008 156394917 440384110 579550245
9716769 71169616 64327044 46448577 31952358 85696174
19820302 88560776 139766833 155440273 38668649 175489506
400000 26625
0 0 0 0 0 1000000000
999999999 999999999 0 0 999999999 1000000000
151532152 201062795 77018889 57579940 199021903 215741899
39379 91213
0 0 0 0 0 1000000000
370312258 76593843 237600945 351011540 72573504 639634524
44926698 121732568 249461619 182683726 197133704 440838870
39379 91213
46473541 515709887 5902600 416429742 276236640 580347267
999999999 999999999 0 0 999999999 1000000000
372036272 10485628 68468978 208028776 409835433 424951622
39406 75325
17226651 64883783 25016651 68930596 94111863 115458778
287566498 521040373 719054193 367599609 65804335 729226606
477211431 25458439 696955840 498463085 871478744 931560179
400000 100000
0 0 0 0 0 1000000000
51906936 9792558 92772617 1183309 77120385 109132832
420092907 21412224 509759595 549021020 149015683 594524711
400000 93596
655865209 307163693 75740445 417858254 329365305 784959536
655865209 307163693 75740445 417858254 329365305 784959536
353808 225296 228235 81228 232037 400000
261972 100000
0 0 0 0 0 1000000000
128737261 287428760 233314163 114938629 87028164 297226783
93433291 248204972 261103371 262304196 88182204 300733398
400000 100000
505159235 193473339 198886734 166641487 550675102 561641155
505159235 193473339 198886734 166641487 550675102 561641155
223959 240311 223644 185524 35437 400000
400000 100000
398488111 126729013 75913150 81265705 463746675 687116002
398488111 126729013 75913150 81265705 463746675 687116002
232673 251647 215816 289726 178155 400000
400000 100000
24881813 2721633 49365106 62888447 104420316 137365599
24881813 2721633 49365106 62888447 104420316 137365599
60383 247107 72225 81078 180678 400000
400000 61952
112788374 143687300 123015735 187549938 219583316 264722619
112788374 143687300 123015735 187549938 219583316 264722619
49316 175435 200660 131632 76535 400000
119556 44256
192902261 270265121 96923930 184980371 254228688 326895450
480651649 437921729 379472658 624079433 586755658 965246920
388874322 548480090 306864862 224379413 61348163 783218901
91304 66509
373666108 442754436 153840895 96750787 42301591 482687178
373666108 442754436 153840895 96750787 42301591 482687178
33882 29055 305 30517 22122 91304
261972 100000
331064126 680614413 307444604 688726512 472622059 772201853
331064126 680614413 307444604 688726512 472622059 772201853
142646 143081 152949 206556 47650 261972
400000 100000
504348604 349134648 62524110 369406216 490429283 511636581
504348604 349134648 62524110 369406216 490429283 511636581
18973 93632 86733 68577 226840 400000
91304 66509
0 0 0 0 0 1000000000
701401091 442593894 395321506 626719627 578692806 877930521
78361292 5021933 31816687 90121037 28332378 93268139
400000 100000
349594861 109303161 135087045 354372369 536354191 538501957
999999999 999999999 0 0 999999999 1000000000
104122319 495326129 605259577 374118214 589183272 623904450
400000 26625
515686227 110206865 335090743 355808298 136797653 673458169
999999999 999999999 0 0 999999999 1000000000
77724373 37502114 326964534 472389094 230864555 576605315
1 1
0 0 0 0 0 1
0 0 0 0 0 1
0 0 0 0 0 1
400000 100000
375499079 512603406 325807869 1641470 3475226 676984659
375499079 512603406 325807869 1641470 3475226 676984659
224143 138474 145956 104277 67373 400000
400000 100000
291191573 383426881 3561407 389222157 121078619 831321889
291191573 383426881 3561407 389222157 121078619 831321889
15480 313015 203683 25221 7967 400000
400000 100000
645837789 433000294 720353921 28074396 311668653 762247825
645837789 433000294 720353921 28074396 311668653 762247825
114972 281791 202642 140976 252311 400000
400000 100000
549097947 557097419 686084422 637350879 296913261 769416860
549097947 557097419 686084422 637350879 296913261 769416860
242730 271239 297911 289001 237745 400000
400000 100000
127693448 147672478 130921506 147931791 90050297 373274552
127693448 147672478 130921506 147931791 90050297 373274552
308616 155048 338982 399530 275788 400000
400000 100000
109344286 550015150 181689947 66461061 528486547 639523883
109344286 550015150 181689947 66461061 528486547 639523883
213440 170210 308829 1545 234286 400000
359195 100000
449902990 176128818 238881938 229319038 80086406 463816383
999999999 999999999 0 0 999999999 1000000000
262299704 6993339 111721887 265424522 104924437 291109678
400000 61952
0 0 0 0 0 1000000000
257163158 119913201 125926311 252745044 132383434 276667027
26836491 16028213 48808413 29859898 841675 49006513
154934 100000
737938919 731073441 442461634 670168171 409258985 748788789
999999999 999999999 0 0 999999999 1000000000
579799530 476915600 222471218 506683693 770094207 981938216
1 100000
0 0 0 0 0 1
0 0 0 0 0 1
999999999 999999999 0 0 999999999 1000000000
400000 100000
90856537 120023195 115691349 243502074 125262986 265485414
90856537 120023195 115691349 243502074 125262986 265485414
65400 255439 38920 77933 157234 400000
400000 100000
366128647 157579828 535163008 721963299 881683316 985290896
366128647 157579828 535163008 721963299 881683316 985290896
71013 212770 182403 249666 110508 400000
261972 100000
0 0 0 0 0 1000000000
999999999 999999999 0 0 999999999 1000000000
281118013 489883574 403225170 42937435 332584686 512216886
400000 100000
0 0 0 0 0 1000000000
999999999 999999999 0 0 999999999 1000000000
20239996 85628634 39839232 150008252 95656846 186948783
400000 61952
0 0 0 0 0 1000000000
999999999 999999999 0 0 999999999 1000000000
256742403 163958421 251419653 251905790 150674914 270719020
39379 91213
43917889 294872157 416425973 247699630 124007750 432874054
43917889 294872157 416425973 247699630 124007750 432874054
30611 12735 7716 7106 23151 39379
400000 100000
55709972 775365551 75134100 84484945 744566917 799516512
55709972 775365551 75134100 84484945 744566917 799516512
126173 310549 116519 153844 32740 400000
400000 100000
202496512 76290108 285226775 228095414 44536138 310435120
202496512 76290108 285226775 228095414 44536138 310435120
99082 259695 140978 32141 303263 400000
315413 83704
0 0 0 0 0 1000000000
999999999 999999999 0 0 999999999 1000000000
167464982 38511208 125307144 192409604 212227445 332461114
359195 100000
655940506 565592725 567228069 208237625 788125045 934134722
82576583 371023868 211164811 259510015 156751108 408952023
163491566 428961942 537753926 447403882 68243554 637051652
171802 76877
503890127 322843628 63680823 76787697 210732616 522450335
9204393 23631824 16444467 42491017 38927957 138872621
61475400 255891313 148891947 623215370 420439983 654205794
359195 100000
68991519 105433681 11739552 4765182 158157305 158577990
68991519 105433681 11739552 4765182 158157305 158577990
109639 261591 334558 291119 292388 359195
400000 100000
161278870 27732249 147682099 64103078 97874882 180522942
161278870 27732249 147682099 64103078 97874882 180522942
278653 7295 79864 244869 395972 400000
400000 100000
0 0 0 0 0 1000000000
137858688 668671649 25774408 631508758 490430255 741586287
65694197 111937924 151558509 34140786 20935868 154302055
400000 100000
1062232 120555374 53846699 127905014 112350162 168490470
999999999 999999999 0 0 999999999 1000000000
52690597 34000142 177539949 183348063 60411242 218264175
400000 100000
107825677 140690633 88979252 92922473 109775616 263674072
107825677 140690633 88979252 92922473 109775616 263674072
239226 165307 6315 384251 15201 400000
291541 69688
665749660 574581548 841218277 285831737 85424984 942046787
99667277 37774227 29252011 61950062 66591522 130614548
419444270 403897623 120044782 481412884 377727025 587047269
400000 93596
0 0 0 0 0 1000000000
54265046 82665900 39895893 55110751 110124682 195797287
235686986 517667288 697845370 183725470 183188887 734908072
