100
5 1
3 1 4 1 5 9
2 7 1 8 2 9
4 8 15 16 23 42
285315 1
26511763 13347037 27812673 61179624 148683932 169584354
999999999 999999999 0 0 999999999 1000000000
202080465 6079004 18563190 263947691 200461159 316753751
337299 1
0 0 0 0 0 1000000000
999999999 999999999 0 0 999999999 1000000000
508917862 670059568 351207327 678579082 730118924 935528050
400000 1
194799867 383752107 275753851 232395797 135577042 545056434
194799867 383752107 275753851 232395797 135577042 545056434
157608 7429 164217 131969 118865 400000
400000 1
114973806 30464273 14557923 66411293 50804017 146479183
114973806 30464273 14557923 66411293 50804017 146479183
200214 254646 314587 358166 330729 400000
285315 1
0 0 0 0 0 1000000000
999999999 999999999 0 0 999999999 1000000000
43879233 161896520 57925996 91446915 205672511 243259298
400000 1
0 0 0 0 0 1000000000
999999999 999999999 0 0 999999999 1000000000
248276527 507530669 862562702 849635897 486914823 947802129
400000 1
780684822 559072873 256392035 887670633 459953431 973613592
780684822 559072873 256392035 887670633 459953431 973613592
94782 257082 54859 215284 150833 400000
400000 1
822554718 360320443 272151746 9154182 633994886 943705212
999999999 999999999 0 0 999999999 1000000000
129164183 75036446 184533616 21840914 479606323 715659379
10091 1
0 0 0 0 0 1000000000
999999999 999999999 0 0 999999999 1000000000
121889181 394991732 74565864 110385148 92614188 544464641
400000 1
0 0 0 0 0 1000000000
24616388 110122007 397729473 146966795 313306332 480527906
190222260 416013848 110995747 1846063 55472116 416034176
400000 1
0 0 0 0 0 1000000000
999999999 999999999 0 0 999999999 1000000000
210734515 252599274 235635303 313087926 36610731 343414357
400000 1
338369400 155343793 460410022 223491970 394357129 468746903
338369400 155343793 460410022 223491970 394357129 468746903
0 0 0 0 0 1
285315 1
0 0 0 0 0 1000000000
696135756 275408859 139244830 214592232 707015391 817956856
328658153 151072203 83895481 265551774 334826955 618689645
400000 1
32436634 92988034 22580967 72289223 122789237 125669816
32436634 92988034 22580967 72289223 122789237 125669816
270610 82369 127807 249607 63250 400000
130679 1
76822180 335434881 499625609 587870812 803627684 951014490
60215332 84971221 42945889 59705205 64196867 101473102
203792617 254224444 153664664 17819420 227055324 347089269
400000 1
0 0 0 0 0 1000000000
170994785 305278006 187691892 596941991 360002097 663245141
19732386 193370358 229666244 350962161 272985166 394487268
400000 1
113162637 81472442 221256507 194808051 16743354 316487634
113162637 81472442 221256507 194808051 16743354 316487634
196824 398133 283012 334401 135651 400000
99701 1
103292837 455565229 67948804 80793219 446198992 481544816
999999999 999999999 0 0 999999999 1000000000
39686157 725728367 713944011 644028201 204053328 787830829
400000 1
12488341 51345376 79320742 60960924 33636581 81234717
12488341 51345376 79320742 60960924 33636581 81234717
291652 162041 54671 139838 261093 400000
400000 1
52988851 49546377 54550976 78840262 61641449 80423055
111140126 33286453 129929459 127472081 58253603 247813088
206085221 460047220 307515154 632643708 352221924 827562139
400000 1
241208017 570765022 194853057 311532350 583350659 713834694
241208017 570765022 194853057 311532350 583350659 713834694
114350 96157 73846 16272 167583 400000
400000 1
40674878 139524712 98889174 35100868 184249571 211048332
40674878 139524712 98889174 35100868 184249571 211048332
247904 158426 102122 388093 83474 400000
285315 1
133205485 192818559 180892855 216338752 417025113 442863342
133205485 192818559 180892855 216338752 417025113 442863342
89604 161003 248767 279253 194188 285315
400000 1
5668585 5097714 22283635 14634187 72980794 79472314
5668585 5097714 22283635 14634187 72980794 79472314
318146 220987 284344 292233 373399 400000
337299 1
172690807 114483807 155854810 336874651 65317425 382094665
172690807 114483807 155854810 336874651 65317425 382094665
249809 7302 81268 80452 314631 337299
400000 1
0 0 0 0 0 1000000000
999999999 999999999 0 0 999999999 1000000000
53856898 73513835 20547826 52154185 20234813 79887728
400000 1
80830978 140555194 178377315 245745912 70012003 281050210
80830978 140555194 178377315 245745912 70012003 281050210
103119 32803 76318 386031 250588 400000
400000 1
338843505 167535220 335987352 62012029 77973536 466019785
338843505 167535220 335987352 62012029 77973536 466019785
149980 228431 13379 358944 122692 400000
400000 1
151523920 148084334 284297289 204508872 97745142 362268112
151523920 148084334 284297289 204508872 97745142 362268112
227275 205604 239632 95197 311442 400000
10091 1
0 0 0 0 0 1000000000
377750529 345878329 294586707 393236772 45526555 418132237
26145268 4003785 37362852 31571814 27842036 46889400
400000 1
407446364 93425971 207029433 337684955 317888720 447736953
68791798 12034906 5650670 21375648 10273668 118301572
658031332 620354651 761861757 334570115 439869580 878404106
316288 1
53208990 213865669 232099090 221679422 5150213 318734516
53208990 213865669 232099090 221679422 5150213 318734516
104086 101120 251081 16671 219774 316288
400000 1
469345641 98784406 328377804 418952824 142883329 531001845
469345641 98784406 328377804 418952824 142883329 531001845
334977 163168 203395 226121 75452 400000
250960 1
138337633 323593449 114507592 72519907 233414294 348402791
159139296 271953016 51038930 222321331 220339511 345689179
555733764 386384065 237973042 205575876 625938267 786522567
316288 1
0 0 0 0 0 1000000000
999999999 999999999 0 0 999999999 1000000000
283572153 402187780 73874290 84705754 153415699 408643214
341640 1
134865678 163516911 130509006 78388717 115267687 232638959
134865678 163516911 130509006 78388717 115267687 232638959
45960 90075 32693 66488 303051 341640
400000 1
33213116 124052321 107291205 93219200 14900508 171985818
33213116 124052321 107291205 93219200 14900508 171985818
135314 150950 254199 393145 283717 400000
170610 1
649315881 505866988 658270450 735552670 756845155 995475448
384835315 542614258 692597994 823093180 709275265 843321103
240356367 122162139 22627484 107866404 16555135 416443374
341640 1
624560347 59298846 485848019 320478425 433318332 628001900
52952973 231057400 217294044 216366581 142846128 257352668
179506789 47183560 127360107 146069065 102617657 189861457
253526 1
212821893 648552852 160831009 784005739 427412883 866770675
40900475 18515710 1013658 11380600 19660120 43121105
485218850 102830677 275625130 378671524 342563436 518348824
1 1
0 0 0 0 0 1
0 0 0 0 0 1
0 0 0 0 0 1
1 1
0 0 0 0 0 1
0 0 0 0 0 1
999999999 999999999 0 0 999999999 1000000000
99701 1
18711133 29778659 159912352 18003544 130382549 335410318
369681356 837016475 509293598 834506760 654421522 925686972
359286739 137358839 68145091 500780344 81889198 546547808
400000 1
0 0 0 0 0 1000000000
999999999 999999999 0 0 999999999 1000000000
12281073 250488024 209929550 356029341 281373372 473219258
99701 1
0 0 0 0 0 1000000000
216929137 96417175 76427409 224665155 205532387 308493416
210705721 179532818 117067057 111526891 139407312 239121704
400000 1
15015264 21330181 202896720 64762838 238745632 245452650
15015264 21330181 202896720 64762838 238745632 245452650
277047 143231 264599 366541 109984 400000
10091 1
656382563 248871696 7721134 335450878 343462392 829671562
656382563 248871696 7721134 335450878 343462392 829671562
4820 7417 7191 3251 3277 10091
400000 1
0 0 0 0 0 1000000000
122593408 104695046 18142027 177000070 148051708 211897519
242609044 80142428 268197898 162130744 29534759 305653390
400000 1
255380714 176998746 393527464 83609190 14259138 393530443
342242235 289880321 447126045 483925383 446057222 626650842
623884636 557764274 265058552 39311453 584549061 745214068
400000 1
7164943 4539909 21031092 4213119 11944263 22234884
7164943 4539909 21031092 4213119 11944263 22234884
10249 318779 92406 393967 176104 400000
400000 1
23795172 8262218 26268449 62089432 72492210 74157912
23795172 8262218 26268449 62089432 72492210 74157912
153642 313037 203443 384857 82554 400000
400000 1
213414959 8316674 219445303 119786211 158694504 259357284
213414959 8316674 219445303 119786211 158694504 259357284
85879 313406 264447 45168 270336 400000
400000 1
555480147 477125729 533773410 508083145 514653962 585205461
444867498 857207034 107361546 722360057 619619734 900265281
392286062 455737746 187632400 290643647 199258782 480492380
337299 1
0 0 0 0 0 1000000000
219794330 503612028 487601215 120939678 311157777 610606964
784868979 222027992 678030952 579028588 537065499 871082864
400000 1
175792008 444232721 146370929 522084424 448434774 540847281
175792008 444232721 146370929 522084424 448434774 540847281
287476 169551 11905 319225 284473 400000
330407 1
464028622 53529266 551171690 229443274 224496929 744190348
180157313 342414867 179127041 161703335 261369218 492586000
100501624 407034218 502247984 45238506 283053649 509256640
400000 1
70763518 84299296 16767745 174856841 202852632 229755203
999999999 999999999 0 0 999999999 1000000000
10618380 161678073 75510190 124909093 98244323 181789332
400000 1
0 0 0 0 0 1
999999999 999999999 0 0 999999999 1000000000
0 0 0 0 0 1
337299 1
477224716 141672328 473518738 294678141 205914647 599627299
19048905 7012919 12197092 9379409 31485147 55692711
681441120 836772040 265134733 895444886 934921908 986033579
400000 1
0 0 0 0 0 1000000000
999999999 999999999 0 0 999999999 1000000000
495195580 48767428 89014601 563235694 13897506 621356378
316288 1
941578584 50625192 856806343 758641080 351633006 975629900
126075981 384989438 119479557 274076834 398115861 750080109
83139989 57607723 175960838 160673988 161025277 686185260
400000 1
237976666 20959632 265244038 216723030 192814252 314528978
999999999 999999999 0 0 999999999 1000000000
60307615 38668923 108332138 55746560 129844249 268544193
400000 1
0 0 0 0 0 1000000000
999999999 999999999 0 0 999999999 1000000000
651868093 467210069 536987886 887273554 738215559 900919963
400000 1
78671115 348790689 296725633 637854782 146013821 730857046
322748072 392372724 682680925 620943445 435808987 775751461
51270228 35609059 19216906 18266324 25654433 82588305
341640 1
0 0 0 0 0 1000000000
92274643 112630945 98568236 92025485 93662927 164993216
432215201 353464531 423810985 500108696 385024068 660441395
285315 1
542067757 331370151 247206596 705908164 152406495 950982458
511988950 148632700 231330719 210899422 28412823 609159053
574093661 393293634 702957484 393045162 518043641 737421922
102939 1
121361337 30726183 122712626 235969423 180571310 344902533
2267807 94200692 129526522 32460057 22798105 177549827
670028053 697319469 916900393 733487241 966085200 981411619
400000 1
540989237 520723745 399313298 243485792 768655519 823601454
540989237 520723745 399313298 243485792 768655519 823601454
313913 39910 182122 208561 344607 400000
400000 1
261123200 195673364 300015816 160087353 280031008 396777676
261123200 195673364 300015816 160087353 280031008 396777676
208398 355603 226895 171841 295306 400000
10091 1
299431919 128292271 160154077 63758318 251650318 354098206
203075010 17686330 194725907 238212638 172464853 244383538
606419771 352475582 620234564 262291280 463495314 945872984
400000 1
136242169 68527793 185795073 121479006 395462600 418743736
136242169 68527793 185795073 121479006 395462600 418743736
157877 199430 327450 28338 287136 400000
400000 1
12710483 73289040 224993947 92370880 173152907 259575591
12710483 73289040 224993947 92370880 173152907 259575591
56301 380385 289730 206951 161007 400000
99701 1
260477486 295627076 146022107 361562808 235235958 442498673
260477486 295627076 146022107 361562808 235235958 442498673
33481 50280 57259 53431 5207 99701
400000 1
0 0 0 0 0 1000000000
325284270 440789951 660933570 261639650 698701503 725589467
103473785 155538943 44103128 163018348 18185773 180474855
389804 1
7691649 3931221 1100294 3497233 917805 18962761
546634003 421248881 78135623 251509981 383034570 904723877
339840826 114151556 234829696 538643221 4965976 566467690
81082 1
375257767 156274237 54197254 147230766 392711341 494448306
504941112 96608051 540328239 489246606 541299277 710135283
509642129 113637501 135546189 478414399 530117143 815017609
400000 1
215736014 290494351 68555116 137064134 321264233 442607033
999999999 999999999 0 0 999999999 1000000000
46140160 20038070 2567240 38638890 48883472 54776347
341640 1
448451213 46361034 236933021 31191831 171787130 463053155
999999999 999999999 0 0 999999999 1000000000
469668332 172215732 518884071 529953253 339053237 598531584
400000 1
353885437 352093902 195663325 749104256 107019216 873287361
353885437 352093902 195663325 749104256 107019216 873287361
299943 146003 190167 57414 399577 400000
400000 1
360074173 264335582 195582110 361556722 80905185 482644019
999999999 999999999 0 0 999999999 1000000000
54127967 59497016 2657577 78711198 80209869 110608273
400000 1
33143142 246257720 199177245 211558431 171629696 270553149
33143142 246257720 199177245 211558431 171629696 270553149
180043 100328 276941 325843 118826 400000
400000 1
721282010 714872728 698544063 791859527 763814595 868993449
721282010 714872728 698544063 791859527 763814595 868993449
309317 47483 19113 313278 108399 400000
316288 1
0 0 0 0 0 1000000000
56740557 137944240 63043966 90179559 49360169 140817521
651591780 533016494 44847058 567549487 239206001 844284842
400000 1
0 0 0 0 0 1000000000
258684032 218792209 187003352 154004411 904299341 961301233
4768062 333136203 205079310 50564308 380044357 520701828
400000 1
18471058 103569206 203672640 27654928 357270105 405851242
999999999 999999999 0 0 999999999 1000000000
131089699 377737769 138291259 360676535 202228397 377950841
316288 1
288019038 178891214 430597513 301735671 226907739 487364674
999999999 999999999 0 0 999999999 1000000000
251127034 428062578 29706596 407131913 291702486 509379185
99701 1
0 0 0 0 0 1000000000
999999999 999999999 0 0 999999999 1000000000
478949292 484274789 425344751 235358223 250242339 741425053
400000 1
403358476 133082750 550170765 868976775 916852777 977304717
403358476 133082750 550170765 868976775 916852777 977304717
166474 172490 130674 279891 145647 400000
400000 1
387503801 324100067 20700704 176148387 627937727 638534420
323340328 289997869 185352996 267742711 311268871 382288703
81036811 522543799 70614156 166229737 441559043 617303118
400000 1
51896800 249077576 440702128 255251078 535876217 553350838
51896800 249077576 440702128 255251078 535876217 553350838
379283 290389 118605 123114 57326 400000
400000 1
21283088 191844036 536119035 241243227 345974216 681587034
21283088 191844036 536119035 241243227 345974216 681587034
152603 127413 384914 142 277238 400000
400000 1
0 0 0 0 0 1000000000
216910960 63526423 282361645 194806728 160313127 488673907
388623459 473905477 927975743 733419584 182934131 962471964
400000 1
79417095 325281200 105461350 140530382 164366673 362852258
79417095 325281200 105461350 140530382 164366673 362852258
192610 119495 261943 148593 338070 400000
341640 1
0 0 0 0 0 1000000000
999999999 999999999 0 0 999999999 1000000000
57731478 312976658 592232056 32983144 279192646 783959419
343246 1
753910937 260996050 452103755 383738949 461091340 848974892
20457714 128432103 44584593 120504305 153929510 240335243
26793801 55511562 11942905 1132524 52596650 126125498
10091 1
232326642 115889776 148221615 94921309 75775160 257017576
999999999 999999999 0 0 999999999 1000000000
15036036 372544725 338784073 341173323 249828040 454652009
400000 1
202133260 853821651 648675056 86723005 9975606 869092668
202133260 853821651 648675056 86723005 9975606 869092668
390983 6051 367191 316962 86496 400000
337299 1
59645303 26833179 135022134 80763709 136263074 139305281
999999999 999999999 0 0 999999999 1000000000
268271301 301614959 485548396 321744453 490973558 648765020
210026 1
57188877 354578628 204390400 59798230 27472606 540086332
140029267 10674117 31764704 154954113 296366150 335412908
37808962 61827661 27515789 55065028 37192740 78734886
