100
5 1
3 1 4 1 5 9
2 7 1 8 2 9
4 8 15 16 23 42
344199 1
402405002 138814909 293526262 191297046 217564469 419971427
402405002 138814909 293526262 191297046 217564469 419971427
131988 143793 123776 56984 165333 344199
400000 1
101602373 10425065 31346051 35308602 81106954 110113467
101602373 10425065 31346051 35308602 81106954 110113467
186027 46044 393331 232727 237837 400000
347846 1
255061374 122447866 3459271 192615847 360885491 618026307
160859175 94960033 41370831 219663519 123092649 243240737
192622506 246021416 407017035 160343132 2034711 412623878
400000 1
21638287 56381670 37657851 13596202 22465901 104872080
21638287 56381670 37657851 13596202 22465901 104872080
232112 328965 202905 342962 287669 400000
400000 1
218264430 60899575 333211319 211212990 282734642 365916229
609169303 17596788 760055763 657942854 581882201 960981408
19605209 76415254 157707870 156631763 92709959 170251458
400000 1
1984195 125781230 60929788 99524888 37832328 200542651
1984195 125781230 60929788 99524888 37832328 200542651
173453 312374 242638 268804 196843 400000
290250 1
0 0 0 0 0 1000000000
999999999 999999999 0 0 999999999 1000000000
6652269 269677248 350992178 12367245 47312356 402748996
193376 1
0 0 0 0 0 1000000000
999999999 999999999 0 0 999999999 1000000000
803381607 988364505 562801376 585513208 836614915 991654279
400000 1
646787687 652787152 374163278 131349898 53997829 717272124
646787687 652787152 374163278 131349898 53997829 717272124
306539 228575 233610 138059 238197 400000
400000 1
306275072 160019871 176939215 322684000 42533253 428816214
306275072 160019871 176939215 322684000 42533253 428816214
116836 356631 357301 119462 299993 400000
198285 1
158985847 284140974 2426167 229576782 274193725 324706213
999999999 999999999 0 0 999999999 1000000000
33422821 884927492 937063894 391124279 897247398 978512434
400000 1
243905571 91892763 421939084 109026804 184191648 525600294
243905571 91892763 421939084 109026804 184191648 525600294
268729 239264 285720 64316 12302 400000
400000 1
124579059 98796429 214973597 122038010 249499981 265370073
151097388 135727024 217731232 171582106 240186447 658690040
11008697 347504291 359967721 721124112 106056764 762516644
400000 1
0 0 0 0 0 1000000000
999999999 999999999 0 0 999999999 1000000000
10134902 99789427 133921405 34203032 92245070 190822857
193376 1
497062159 659847918 42439437 84710356 534766814 675656024
497062159 659847918 42439437 84710356 534766814 675656024
161649 8039 132820 7995 97468 193376
400000 1
50012141 61091991 1792460 41783286 62686901 128469868
517731787 599836979 113653513 161597475 69897794 628993761
448898533 506390768 120960883 312613591 354943468 595597685
195773 1
48809334 471043504 37503959 347536183 466235890 752189291
999999999 999999999 0 0 999999999 1000000000
275597886 33756812 164444439 347117273 36008531 468026253
193376 1
244098685 385788365 461828549 47036497 325733484 465207097
999999999 999999999 0 0 999999999 1000000000
66917383 58078059 18460824 11413608 36896560 80749811
400000 1
113222738 108671754 47205483 412774471 143867662 433974578
999999999 999999999 0 0 999999999 1000000000
41196924 109557608 35611072 83104994 46879600 112041682
400000 1
0 0 0 0 0 1000000000
116302913 687414170 736954804 460525033 433599626 990987307
120717289 150330385 458156487 158047513 430019093 887793964
400000 1
107866590 253036623 265932879 43124302 82186715 270530088
107866590 253036623 265932879 43124302 82186715 270530088
0 0 0 0 0 1
290250 1
0 0 0 0 0 1000000000
72718758 430677953 601481306 420322526 70387000 630831819
12629130 183727141 350648942 76239009 205750812 469096487
344199 1
0 0 0 0 0 1000000000
59254848 179430321 142036379 107724115 46195194 207323788
236534689 395290848 155803747 541221652 349855905 608120112
400000 1
63236073 794714491 303537098 93013216 70389586 883728289
63236073 794714491 303537098 93013216 70389586 883728289
87455 82059 353816 248903 373275 400000
400000 1
108466370 252036041 14065356 56005861 18713650 426637119
108466370 252036041 14065356 56005861 18713650 426637119
386513 238505 192956 91217 166639 400000
400000 1
0 0 0 0 0 1000000000
999999999 999999999 0 0 999999999 1000000000
357030083 641694716 456165712 132913177 858839565 909291902
71409 1
83839909 188650673 292897751 169758976 293923119 400706285
11578448 117812668 85259855 75664824 22161836 170030768
90761241 277252808 388635073 574247900 456819147 717911395
400000 1
66733146 63595492 69299019 64755895 37967493 104042171
66733146 63595492 69299019 64755895 37967493 104042171
289515 260697 196986 68226 251901 400000
371037 1
426849941 414641441 625782620 424574288 636893275 642583140
525214558 317365637 668824306 446013556 423187811 822515608
698101661 566184468 305382442 386709511 574177434 749948572
198285 1
0 0 0 0 0 1000000000
21079517 3688296 27218827 28828349 19041948 32486444
125035799 83787812 105395484 14600924 194716165 231547197
195773 1
354224577 486668126 477137921 190677874 419632620 648821591
354224577 486668126 477137921 190677874 419632620 648821591
119197 100223 140351 86074 111046 195773
400000 1
41857288 39465396 4065001 41585083 39632822 42290851
999999999 999999999 0 0 999999999 1000000000
458291854 52397609 296052656 293121352 599198919 679655043
400000 1
228816387 242238655 56236158 238527026 140248657 279156606
228816387 242238655 56236158 238527026 140248657 279156606
129473 331218 303486 176275 33736 400000
400000 1
483043145 253910991 481609663 139856613 386959205 683889301
483043145 253910991 481609663 139856613 386959205 683889301
171552 5253 324354 36913 186385 400000
400000 1
394608952 350871085 515015880 247113770 358923021 672726139
394608952 350871085 515015880 247113770 358923021 672726139
10471 334895 104563 98952 352409 400000
290250 1
517944985 186175504 10336455 402060531 427147036 818469387
999999999 999999999 0 0 999999999 1000000000
20572462 412593286 486541718 316503427 528467828 635227518
1 1
0 0 0 0 0 1
0 0 0 0 0 1
0 0 0 0 0 1
400000 1
207820329 120415075 207987800 436946247 179666340 663607577
999999999 999999999 0 0 999999999 1000000000
414784910 250725784 409935021 128650539 380104913 429687252
180839 1
11895146 6778137 9438770 19083430 4909466 19451007
150713810 133166392 255321558 296024870 93944873 462317883
155876066 194756617 111169318 837387493 404653673 950170932
400000 1
0 0 0 0 0 1000000000
127209768 363451066 237283231 120672387 66236805 451332255
207042801 132223961 44961254 178014817 30466969 285746127
400000 1
87266604 446331458 360900721 377457398 174178608 468503433
87266604 446331458 360900721 377457398 174178608 468503433
105852 170826 304529 298439 293279 400000
400000 1
512765855 656674481 469972046 716032605 761005737 775688513
327025989 235313098 111962506 58362976 7512996 345034797
609274799 523812482 514412427 544851350 633030753 751771547
243712 1
508693553 168373147 190528892 319976571 416297238 729636073
999999999 999999999 0 0 999999999 1000000000
3157912 2925222 1528665 1211940 2805311 4654533
400000 1
584384328 207135378 621543072 98994423 293442376 641324531
656302546 86783572 324488230 690802804 98750117 706524098
31197585 217767602 134506468 731462 263248812 483875785
344199 1
0 0 0 0 0 1000000000
999999999 999999999 0 0 999999999 1000000000
240837309 39371588 65943541 32120936 252678990 271863774
400000 1
709336735 508555249 540412899 269647892 881435972 977259618
709336735 508555249 540412899 269647892 881435972 977259618
358499 326125 260040 33692 55509 400000
319323 1
350008485 70942336 262345929 287212633 272150139 410446779
431323772 495662186 1753984 67012469 475518390 933080960
277072117 105037803 175678169 112120253 170183877 278439198
195773 1
444020073 174425651 418640681 205703349 167887888 469087679
57598257 667880851 469841279 471513881 457803456 748544142
5637842 63591275 214717059 285861851 148608407 319936827
344199 1
625426945 219542955 597727300 569962225 324478586 759726066
999999999 999999999 0 0 999999999 1000000000
75106717 277517933 91813358 211902973 276338127 495329426
400000 1
20512867 4269059 21823376 4023434 4728703 25363400
20512867 4269059 21823376 4023434 4728703 25363400
285315 256391 392510 297966 206912 400000
400000 1
200052255 285688583 268037662 116724310 199431401 304753291
200052255 285688583 268037662 116724310 199431401 304753291
61846 199637 265941 296259 140217 400000
400000 1
267422611 257397266 245713974 177574226 12415344 344006447
267422611 257397266 245713974 177574226 12415344 344006447
398082 130503 274639 290623 214099 400000
195773 1
0 0 0 0 0 1000000000
999999999 999999999 0 0 999999999 1000000000
329831738 540302372 177277253 115264194 129876471 572358372
400000 1
337215279 53908768 4246904 265742862 594471097 656379184
337215279 53908768 4246904 265742862 594471097 656379184
305599 157169 208478 390693 364281 400000
400000 1
206984881 154685068 175201484 12084862 58941997 454423958
206984881 154685068 175201484 12084862 58941997 454423958
19430 257688 392746 344486 277605 400000
243712 1
64331160 67563372 88003424 46137204 11038825 101713566
399616701 756273673 325975891 716821142 119753402 852581078
31950725 209771009 384512486 35980194 77619099 541856542
198285 1
45383855 287433321 64032057 160658528 314029113 353545627
204300017 17370390 317161427 15721667 347542996 424375883
23139932 54775521 31153580 45525517 43972438 76971275
400000 1
275161080 425590928 66413339 538138126 318649479 680623398
275161080 425590928 66413339 538138126 318649479 680623398
48978 213055 13212 137813 131825 400000
400000 1
29341773 36126551 27160286 8129157 58049212 84238188
29341773 36126551 27160286 8129157 58049212 84238188
368668 33329 75631 140992 61536 400000
400000 1
209375091 611853416 304262368 55491981 34163435 769426057
209375091 611853416 304262368 55491981 34163435 769426057
66036 54464 327136 98820 140637 400000
400000 1
83556562 396622609 467715686 8630263 57948746 478330395
999999999 999999999 0 0 999999999 1000000000
301440918 513599488 49323062 194756774 379805319 518032445
400000 1
317575041 467517657 100407749 125362975 170811455 509167379
999999999 999999999 0 0 999999999 1000000000
266509571 170530325 139232912 285472274 402511527 483786270
400000 1
417982334 505911349 399701445 211692833 513183424 658850696
417982334 505911349 399701445 211692833 513183424 658850696
38022 286172 15648 196212 224652 400000
400000 1
0 0 0 0 0 1000000000
144554876 427289395 112978462 807015160 99625162 923703256
79050577 38120122 220394481 244562700 197246314 275625668
400000 1
0 0 0 0 0 1000000000
344063194 641325549 653619110 90988490 99164239 670310813
316657768 215369131 418220675 523194831 631487997 705296103
172498 1
61954780 326100909 407310778 258955916 158102241 484019037
138944113 34490963 83225119 14685916 28381246 156059280
404232607 188722935 964301937 760460185 343370397 983815313
1 1
0 0 0 0 0 1
0 0 0 0 0 1
999999999 999999999 0 0 999999999 1000000000
400000 1
0 0 0 0 0 1000000000
999999999 999999999 0 0 999999999 1000000000
52633062 36852180 209927298 205556414 56966083 210435926
400000 1
0 0 0 0 0 1000000000
999999999 999999999 0 0 999999999 1000000000
708427856 55916149 69874119 54067088 433610076 726677879
354550 1
366101387 730572913 787325001 113425741 726539178 950809177
92653944 32279035 97965745 98785883 31991462 101658832
288400093 258468252 557046606 341761864 147171977 647964406
344199 1
556324160 305446031 542937118 193969958 397701547 822181918
46107992 622839450 564317694 36249525 188684830 656279058
438466849 147685307 360381685 361173545 368534907 562313016
400000 1
230322002 290307277 378703747 194276843 197280461 476816804
230322002 290307277 378703747 194276843 197280461 476816804
347635 122878 205740 83763 21231 400000
400000 1
0 0 0 0 0 1000000000
999999999 999999999 0 0 999999999 1000000000
220832144 27765647 155731428 96830818 203860219 368364359
243712 1
0 0 0 0 0 1000000000
999999999 999999999 0 0 999999999 1000000000
75826409 202507063 534696489 507097646 148879950 671017790
400000 1
0 0 0 0 0 1
999999999 999999999 0 0 999999999 1000000000
0 0 0 0 0 1
193376 1
0 0 0 0 0 1000000000
639922627 109014559 105757773 552626639 284059270 659013006
116777971 341177415 389564442 268210787 240643394 420483813
400000 1
15721064 44750796 24285664 9434686 19116696 74870231
15721064 44750796 24285664 9434686 19116696 74870231
86966 335203 291045 213273 7980 400000
118518 1
8286151 3614200 2574076 6410151 7343631 9647799
52969487 40814889 4130446 35664762 10385851 66879864
45089401 216181519 73140942 29176707 93343103 276246497
243712 1
0 0 0 0 0 1000000000
268207113 156504590 480488911 421874388 57966786 897922866
50408864 32606004 421530 20020042 150648703 155843538
243712 1
64559952 96696670 554262714 469950691 583782837 734365474
64559952 96696670 554262714 469950691 583782837 734365474
66908 35382 141672 162987 87239 243712
400000 1
64679978 121115729 12474247 111159398 38176252 125339863
64679978 121115729 12474247 111159398 38176252 125339863
341429 57569 389242 329870 204668 400000
290250 1
847405819 720958160 619957033 68367915 311144276 880109804
517413292 177537865 299685063 442016259 144309164 567837393
195371976 608072575 737893130 686051856 328447565 841380652
400000 1
56847393 418243461 168792768 387155887 292735072 437584910
56847393 418243461 168792768 387155887 292735072 437584910
49352 282343 43689 383086 358152 400000
400000 1
0 0 0 0 0 1000000000
999999999 999999999 0 0 999999999 1000000000
51257664 51508960 4354788 34109995 12468948 55649456
400000 1
0 0 0 0 0 1000000000
235435875 236434342 356115800 382186361 161916282 390183310
239437066 468525993 114505040 711881639 768020388 798875463
193376 1
229405528 642709594 619594117 303549868 662263884 826433925
166838115 119835624 99094379 161275860 116232983 315519030
87734319 30437610 93649529 50331205 53279471 128289892
400000 1
763169358 3390233 353692927 506511131 638862249 901234128
763169358 3390233 353692927 506511131 638862249 901234128
293643 261813 55469 254921 201069 400000
290250 1
142178604 135110515 123153587 70828143 162201346 241106330
142178604 135110515 123153587 70828143 162201346 241106330
140093 108879 259951 245810 2490 290250
198285 1
0 0 0 0 0 1000000000
999999999 999999999 0 0 999999999 1000000000
130072354 143932148 624583486 571039580 626856337 670612084
254665 1
276139608 240966292 16612998 257715057 57580680 357817050
361883049 399405017 635090107 873646536 156122663 936808827
354722273 57658734 79528982 132624934 542912681 566461603
231321 1
95845128 195825366 499913287 234291724 162076808 617241938
89913743 133574773 138511480 155943325 27297462 221854733
151242216 119384220 67526770 116451704 108487701 160845105
400000 1
282087879 491092157 234033170 409410581 515531091 562803449
282087879 491092157 234033170 409410581 515531091 562803449
192050 179436 297616 232669 230383 400000
400000 1
119559638 176566907 205247650 113197781 303544616 332048497
999999999 999999999 0 0 999999999 1000000000
179573613 32276490 228850281 150272150 165693796 306994856
400000 1
126469440 434089084 542676067 543820293 92233480 589970069
126469440 434089084 542676067 543820293 92233480 589970069
146723 266092 159673 77313 290213 400000
400000 1
0 0 0 0 0 1000000000
27413157 85641532 202072833 150617384 22977259 253289228
373159689 599638391 63947022 179214552 243636901 970227778
198285 1
182355198 67237137 180404255 253222965 71160156 301796041
182355198 67237137 180404255 253222965 71160156 301796041
134334 148602 18756 81021 141752 198285
400000 1
369384643 373554416 148121317 405416525 239021455 489354496
59884660 6501049 64667820 17585039 30911688 101574819
224138534 131080536 183330647 38878742 153675063 348205087
195773 1
0 0 0 0 0 1000000000
255539957 561490029 963116179 924206160 74453357 988297372
182312081 200113476 42179644 24395202 40404461 231805388
400000 1
89995638 249008993 187991609 817495760 467554787 960563523
89995638 249008993 187991609 817495760 467554787 960563523
3792 240742 121572 132048 254375 400000
