150
7 30
10 0 10
20 0 10
5 8 21
15 7 20
25 9 22
10 20 30
20 20 30
1 965
82 77 965
14 312
41 0 295
7 28 312
40 78 238
60 33 312
33 87 312
37 203 312
71 12 298
79 109 236
74 0 222
3 21 312
66 0 290
70 0 204
48 158 312
26 93 312
39 610
96 0 171
72 149 315
125 428 610
26 0 539
106 0 544
65 160 610
92 0 591
24 0 329
66 0 528
124 1 610
67 46 610
41 0 549
97 0 425
137 0 597
75 0 338
129 146 459
77 0 540
6 0 568
107 24 610
53 0 575
85 295 610
127 0 461
99 52 610
133 125 468
103 0 543
83 0 490
22 104 610
94 216 610
1 129 610
113 0 312
78 0 531
12 0 543
4 0 233
37 310 610
108 0 475
125 0 418
47 369 610
63 199 444
4 234 610
2 4
0 0 3
1 1 4
9 771
10 0 522
6 0 766
17 276 771
34 79 771
11 0 627
21 43 215
2 0 397
26 292 771
13 30 771
27 82
1 24 82
3 0 79
24 0 63
20 41 77
25 35 82
0 0 28
11 22 82
18 0 69
21 2 82
10 4 82
4 25 82
9 0 41
37 44 82
2 48 82
27 7 82
34 21 37
14 7 82
32 0 67
12 19 82
30 0 51
28 20 82
6 30 82
19 4 49
15 28 82
16 28 79
23 0 77
26 40 82
37 582
13 77 582
21 0 240
32 5 582
18 0 537
55 78 582
9 226 367
6 240 582
40 0 393
28 405 582
16 0 406
8 128 582
17 0 481
22 0 463
49 156 582
33 0 429
36 353 582
3 0 556
51 209 469
42 219 582
52 0 428
58 18 582
26 103 582
59 149 361
39 0 343
0 0 582
41 92 466
47 303 570
43 215 582
4 0 510
1 0 531
24 39 582
14 78 582
45 191 391
34 5 582
46 148 382
25 0 267
30 155 526
43 644
4 0 488
39 0 558
80 162 644
28 0 640
49 99 644
95 237 644
2 0 412
123 0 558
31 107 644
97 480 644
121 139 644
32 0 307
133 0 611
35 82 413
11 0 405
34 0 630
88 0 322
104 0 617
43 185 630
37 0 461
68 206 644
41 23 410
103 47 184
65 215 644
102 0 629
147 0 468
134 166 352
25 213 500
22 0 390
29 62 644
44 0 499
3 180 644
5 63 644
136 276 644
81 0 302
148 0 283
19 0 231
61 0 612
59 6 644
7 23 644
45 93 465
84 0 239
98 0 282
45 321
33 3 321
53 0 214
32 89 321
71 188 300
8 3 221
13 184 321
60 0 259
7 0 142
12 74 308
20 26 291
28 117 321
30 0 222
21 34 321
50 0 105
47 0 194
10 59 321
51 108 321
85 66 321
44 167 321
27 71 214
81 46 321
62 87 321
35 67 321
18 118 321
19 165 321
66 0 255
26 0 113
29 0 198
24 0 251
0 4 181
63 0 292
3 0 311
69 0 147
72 0 214
88 98 321
36 0 182
57 41 321
2 0 147
4 41 321
19 43 148
87 55 160
43 0 321
65 83 321
45 0 232
76 0 179
28 440
67 0 341
23 0 287
28 0 346
88 126 271
50 90 440
39 94 194
74 0 250
52 103 440
85 17 381
8 172 344
6 92 381
45 0 194
89 0 310
63 0 151
43 83 440
65 216 440
46 117 355
58 0 336
19 188 302
11 50 142
1 88 440
81 104 356
29 150 440
5 0 425
30 125 440
70 83 372
7 0 279
55 300 398
29 197
79 0 99
18 45 197
49 0 150
60 69 144
36 30 197
17 23 110
93 0 163
42 83 197
23 0 151
69 22 68
74 0 132
1 98 197
33 137 197
40 3 106
70 0 163
61 0 177
0 60 135
89 0 110
28 27 197
78 0 186
72 0 197
99 117 197
3 137 197
76 27 197
5 0 178
9 0 105
43 0 103
15 0 128
35 10 197
50 96650
100000 69037 96650
25487 0 86237
39640 0 52868
29771 29890 96650
22707 8244 96650
30066 0 53533
55320 16053 96650
87888 0 88982
67877 0 87623
33157 52756 80956
61094 0 94840
94917 8695 86597
64098 13611 96650
35233 10140 96650
57021 0 84064
93234 29203 96650
75342 31997 96650
41840 0 86462
418 22082 96650
15681 41422 96650
29233 0 55240
42599 17018 96650
94142 29713 52961
80948 0 94101
50183 0 86687
18125 38871 96650
29812 31305 96595
95970 14654 96650
91047 0 93274
59496 35224 96650
52807 14419 72171
26683 6478 96650
2970 0 91157
50652 0 78889
11420 20710 96650
2463 0 73200
88708 0 76942
49448 1574 31434
22640 0 95838
48806 10854 96650
59667 32024 96650
69108 0 87094
26785 69041 95222
78582 0 43910
36803 0 87114
57888 0 86823
30038 28416 68768
65727 42994 96650
60454 0 58557
12124 11764 96650
32 151
124 0 95
119 5 151
36 0 103
32 4 151
74 0 133
108 48 151
40 0 139
106 0 139
45 0 86
57 0 87
38 0 134
63 29 151
100 0 105
60 2 151
128 0 36
29 0 98
113 52 125
10 0 143
87 31 151
78 26 151
72 15 151
120 0 135
83 1 151
11 0 146
16 43 151
81 0 94
23 15 121
121 53 144
6 58 151
107 6 151
129 6 50
26 6 151
30 340
83 0 279
52 26 340
5 149 340
6 0 188
69 0 314
78 0 207
66 82 340
97 0 266
23 144 340
84 91 267
11 0 311
22 16 340
71 10 340
63 0 301
2 0 253
10 0 190
29 0 312
24 0 314
93 172 340
39 0 336
87 169 340
55 78 340
18 0 304
79 0 312
82 69 340
90 107 340
37 0 332
94 64 340
9 0 336
96 186 340
36 131
108 19 131
39 33 131
107 0 61
79 93 131
116 0 99
53 0 128
31 58 90
89 52 131
41 0 114
112 0 126
72 0 100
48 33 131
37 16 131
120 80 131
82 0 100
56 37 131
44 0 118
1 0 104
33 27 70
66 0 116
20 0 76
46 35 74
6 20 74
17 69 131
15 55 131
86 11 131
47 87 121
60 3 131
29 8 131
22 2 32
99 2 131
12 0 106
13 0 128
121 27 62
10 72 131
94 0 83
45 344
48 23 255
10 0 267
27 0 342
6 0 286
22 96 210
37 0 178
41 0 265
23 84 344
14 86 173
42 0 127
51 95 344
61 136 249
3 39 344
19 51 344
46 75 344
47 0 301
49 0 239
0 106 344
34 5 344
21 100 344
58 4 107
44 80 344
31 0 268
26 78 344
52 179 325
45 0 133
59 136 344
5 0 274
55 140 344
38 11 344
43 2 344
30 0 321
20 24 300
24 110 344
13 0 164
57 53 344
42 242 332
7 0 280
50 0 280
17 64 199
53 97 344
29 0 280
40 52 344
35 76 344
25 30 344
29 536
62 0 462
43 0 185
44 45 292
80 0 420
29 0 199
84 100 536
74 0 155
41 119 536
51 245 536
16 22 536
21 0 482
58 63 403
12 32 223
87 62 536
59 113 536
0 0 286
72 128 364
61 201 311
30 0 284
56 131 536
85 94 500
25 366 536
63 147 536
50 45 536
34 166 536
90 0 531
26 0 383
9 288 536
19 6 440
13 928
45 62 928
54 0 219
90 49 928
48 51 798
43 0 912
42 299 564
13 0 728
24 412 928
101 0 780
94 65 928
57 16 350
14 0 748
4 0 867
18 14
54 5 14
15 1 14
28 6 14
30 0 6
6 5 14
4 7 14
0 0 11
38 0 13
18 0 13
49 0 9
32 0 12
24 1 14
11 0 8
52 11 14
41 2 14
12 5 14
19 0 7
25 9 14
14 799
18 0 424
22 100 435
8 0 389
36 0 451
9 278 799
26 425 799
23 5 201
16 0 742
47 178 799
11 88 799
21 384 799
43 0 697
15 49 799
7 0 575
44 711
1 16 642
22 190 711
2 138 711
23 0 546
43 63 711
16 0 530
14 201 711
54 136 711
46 0 670
62 212 711
47 0 666
27 160 711
34 139 711
17 140 711
21 0 638
15 288 711
57 0 463
4 0 681
60 0 416
42 41 347
8 0 401
28 80 711
6 0 243
20 311 509
39 231 495
30 0 638
53 22 711
13 49 625
19 0 201
56 89 711
45 436 630
12 186 711
24 136 711
33 0 593
51 0 366
0 375 711
44 237 711
37 0 625
29 0 615
9 402 561
26 0 687
5 0 687
49 0 665
7 0 556
7 20
27 8 20
35 0 18
93 11 20
59 3 20
65 12 20
75 0 16
67 2 20
4 890
52 412 890
24 191 890
99 0 734
97 0 837
46 903
71 239 903
8 0 871
67 0 551
45 0 524
57 0 434
77 0 628
87 0 326
54 0 797
30 448 903
72 423 903
37 29 903
76 562 854
70 108 903
55 0 362
79 0 744
74 0 582
61 248 903
29 0 774
86 489 903
0 0 674
22 102 903
101 0 260
56 90 354
56 613 903
27 0 717
46 57 903
19 0 622
13 26 317
14 20 903
26 4 903
2 0 686
50 0 657
89 106 890
80 159 903
97 0 862
85 460 903
28 63 903
53 118 903
65 0 757
6 414 903
25 161 903
96 0 418
1 0 863
35 0 431
49 0 809
31 0 829
2 597
4 188 553
26 54 372
48 567
71 0 317
57 46 567
48 199 567
88 37 567
15 153 567
10 24 567
58 106 338
37 0 319
79 0 443
65 11 567
75 0 343
74 36 559
6 0 526
27 135 567
91 67 567
67 0 323
86 169 567
49 40 567
76 60 567
19 10 188
38 43 567
32 31 390
2 55 237
4 282 567
13 0 424
56 15 567
92 0 545
14 0 538
2 384 567
9 0 549
18 0 276
34 71 549
55 302 567
94 0 350
52 202 567
83 69 567
60 114 567
54 59 567
5 118 504
22 79 567
68 256 448
16 0 302
51 133 476
81 17 567
50 99 567
29 321 456
39 100 505
53 30 567
19 547
100 188 547
41 57 547
45 110 547
95 0 206
110 13 547
96 82 547
61 193 485
31 0 410
71 141 467
73 0 365
98 250 547
4 0 476
17 216 547
99 117 446
42 0 333
28 0 457
63 0 372
89 292 547
2 67 323
50 95662
100000 0 93203
15939 39408 95662
78233 21417 59680
22573 46808 95662
95680 3718 95662
78760 6616 95662
21630 0 77763
42744 1685 95662
10371 42696 95662
6369 1349 95662
89185 0 75805
91209 34392 95662
76695 3382 95662
54379 0 63756
42216 39621 82781
82123 0 43177
50210 0 95592
63650 36896 95662
40199 0 55491
5220 0 74153
75650 1166 95662
8907 0 64871
91418 0 64500
3037 0 78739
75613 19193 95662
75828 0 90529
530 0 77094
74088 38946 95662
29122 0 56589
90981 0 69076
89895 829 95662
6093 21209 95662
25741 0 36098
18447 0 61571
16632 0 46451
52633 21435 95662
67699 12822 95662
98371 0 58226
51423 57171 95662
95708 0 94894
37474 0 85265
60686 4109 82359
85003 26420 95662
78263 0 92050
42384 0 55804
1308 44365 95662
51979 9998 95662
90596 0 83376
81879 0 77547
84959 33586 82011
19 581
25 223 581
5 0 431
8 360 581
46 0 368
0 84 581
9 101 508
41 383 581
16 110 349
2 240 581
44 0 392
10 0 528
39 139 260
4 56 581
13 0 332
18 86 523
14 14 581
6 0 551
24 0 210
28 6 581
49 935
42 0 518
68 337 935
27 77 935
25 361 935
24 0 407
29 4 282
12 0 802
56 43 513
8 252 808
11 161 935
31 0 770
0 0 627
36 329 557
16 194 935
49 0 803
19 287 631
18 122 935
61 403 935
20 392 935
1 0 548
52 0 891
62 259 493
64 0 733
33 38 935
9 17 935
67 568 872
37 0 698
71 0 893
38 0 654
34 0 638
70 140 935
2 0 750
13 256 935
17 476 935
40 155 591
26 565 760
22 0 778
55 66 935
26 0 538
15 89 847
54 570 833
60 98 935
43 208 495
53 357 935
5 425 935
7 155 701
23 95 494
65 516 935
41 354 700
25 633
27 0 595
18 0 425
41 309 633
58 412 633
60 31 500
9 145 291
22 272 633
24 159 633
46 109 633
7 0 366
3 0 357
16 150 633
1 0 434
53 343 633
30 270 633
20 0 519
62 119 633
17 82 633
49 0 486
57 0 423
8 268 633
4 478 633
5 239 633
28 0 497
66 0 585
27 30
45 6 29
33 0 19
46 13 30
36 0 22
2 16 25
1 2 30
15 0 27
37 0 30
8 1 15
30 19 30
5 22 30
40 10 30
32 0 22
11 7 30
12 2 30
42 0 17
29 22 30
7 2 30
22 20 26
46 4 11
44 0 29
38 0 29
16 0 21
25 8 30
9 17 30
10 18 25
23 0 16
14 887
32 0 831
4 164 887
6 334 887
29 0 858
17 0 867
75 479 887
54 79 632
101 199 887
7 161 737
105 496 748
52 203 887
107 392 887
41 0 848
64 378 887
41 963
12 676 963
15 112 610
69 354 963
3 159 963
1 88 418
4 0 833
24 380 728
63 480 744
38 272 963
61 271 870
24 36 347
55 118 963
47 330 963
71 0 739
18 32 737
14 0 839
48 0 963
9 0 518
57 354 886
11 0 963
35 0 833
20 79 963
45 645 922
41 201 963
29 157 963
60 0 518
59 180 963
32 280 963
31 0 810
64 34 963
36 101 956
5 0 472
68 0 459
37 89 963
51 0 920
40 0 658
65 0 617
8 138 886
23 0 877
19 0 855
58 97 963
28 480
37 55 480
30 45 480
40 279 480
39 165 480
25 0 242
16 49 480
32 0 359
4 0 477
3 50 480
24 0 390
12 52 480
36 0 460
22 0 422
31 4 480
18 78 461
13 54 480
10 0 424
19 79 480
27 0 441
17 322 480
43 158 480
35 0 299
0 143 362
5 0 336
26 0 277
20 0 458
9 0 439
34 248 480
50 875
79 0 821
99 142 875
101 0 592
109 0 590
11 182 875
76 0 785
61 101 875
21 200 875
68 415 875
77 0 554
104 0 621
92 107 519
72 99 875
89 0 681
63 164 875
106 26 391
32 0 732
41 126 875
86 349 703
94 0 623
84 0 634
23 588 839
25 0 270
103 0 535
55 531 875
43 0 667
51 0 493
40 220 809
26 0 653
75 46 826
17 493 859
42 158 670
14 69 875
5 0 748
96 97 875
93 0 871
65 0 861
24 36 875
62 0 801
44 199 875
73 0 703
9 0 648
27 121 875
49 0 875
60 0 713
98 0 694
30 232 875
102 638 875
4 309 875
88 491 875
50 100000
0 1 100000
1 0 99999
2 1 100000
3 0 99999
4 1 100000
5 0 99999
6 1 100000
7 0 99999
8 1 100000
9 0 99999
10 1 100000
11 0 99999
12 1 100000
13 0 99999
14 1 100000
15 0 99999
16 1 100000
17 0 99999
18 1 100000
19 0 99999
20 1 100000
21 0 99999
22 1 100000
23 0 99999
24 1 100000
25 0 99999
26 1 100000
27 0 99999
28 1 100000
29 0 99999
30 1 100000
31 0 99999
32 1 100000
33 0 99999
34 1 100000
35 0 99999
36 1 100000
37 0 99999
38 1 100000
39 0 99999
40 1 100000
41 0 99999
42 1 100000
43 0 99999
44 1 100000
45 0 99999
46 1 100000
47 0 99999
48 1 100000
49 0 99999
1 1
0 0 1
9 724
12 342 724
6 242 724
13 350 672
16 29 724
28 270 554
10 64 724
27 0 706
20 181 724
2 17 724
35 264
101 150 264
25 3 185
41 87 264
1 9 264
69 139 208
23 13 87
87 90 264
31 0 180
64 0 255
76 0 220
17 88 264
37 86 264
44 48 264
14 0 200
26 54 264
4 69 264
9 24 264
21 0 205
94 0 116
6 91 264
102 0 182
27 0 233
77 63 264
29 0 111
38 0 225
0 0 176
81 155 264
96 85 264
57 68 264
100 0 221
7 175 264
13 51 264
85 0 115
60 14 264
47 0 188
50 98284
100000 5458 98284
64300 20582 98284
68536 0 71714
77429 38856 89272
98653 37320 98284
65306 0 87157
3805 0 52238
72459 0 58299
78865 0 86428
39435 16623 54774
11897 33115 98284
34572 0 23141
32250 62365 98284
10260 21091 98284
84169 36211 98284
25176 0 74258
39473 3334 86649
7089 23866 98284
55172 60001 98284
50531 32090 98284
99168 0 59733
51628 18641 98284
7660 0 93802
7183 0 82741
79718 14069 98284
25543 0 57058
23496 0 86069
17746 13062 98284
2110 5704 98284
46688 0 97748
76153 54340 77074
3376 2564 75286
98967 6405 98284
23138 7291 98284
24567 31205 98284
89293 46514 98284
28988 0 59831
8648 0 94160
10362 0 76400
52343 9819 98284
95982 24608 70273
79937 0 94564
70490 9285 98284
80488 0 40632
40116 39687 96962
74238 14411 98284
20551 61517 88444
79861 4588 98284
1714 9369 98284
41989 16633 98284
6 565
0 0 525
28 142 565
18 201 397
25 0 360
33 190 364
16 113 336
43 233
74 9 233
52 16 233
5 0 222
6 0 162
76 0 182
34 118 233
38 0 222
27 0 196
56 105 233
77 39 233
75 56 233
46 0 233
81 0 178
82 132 233
22 54 103
8 84 150
51 104 233
36 0 111
13 0 200
65 67 233
32 33 233
69 0 163
66 10 233
44 15 233
31 3 233
10 0 83
58 35 233
68 15 233
17 0 117
35 167 233
41 0 215
11 114 233
87 47 233
9 30 233
80 73 233
3 0 127
49 5 232
67 59 233
48 0 156
39 26 233
15 6 233
23 28 233
72 77 233
41 223
23 0 178
142 9 67
100 0 182
14 133 223
17 165 223
132 0 133
114 55 223
72 34 208
33 0 156
22 66 223
66 0 169
84 3 61
92 127 223
121 0 144
3 0 121
130 50 223
133 0 166
56 47 214
98 25 223
111 103 223
21 52 205
12 37 223
0 0 82
27 80 131
128 0 215
124 21 223
40 0 212
131 106 223
39 95 223
106 138 223
61 0 127
45 0 217
104 155 217
111 0 94
75 9 181
60 0 185
99 128 223
123 56 223
82 0 145
24 0 208
19 0 134
14 920
41 124 920
25 82 920
85 315 774
47 0 908
49 57 920
48 443 686
77 567 830
30 0 286
3 215 506
64 119 920
15 413 920
53 0 577
22 0 582
13 217 920
25 194
28 0 89
59 0 75
12 0 160
39 62 194
101 95 194
11 0 178
17 36 163
40 0 187
46 0 190
61 135 190
43 0 149
88 0 103
67 0 132
96 50 194
19 0 169
57 0 169
81 0 187
32 0 145
51 63 194
76 0 95
41 11 194
5 7 110
83 3 194
86 0 84
78 0 191
28 435
60 0 374
17 0 314
0 122 435
9 172 435
70 156 435
14 107 265
73 0 424
18 19 435
15 0 434
2 193 435
45 3 435
74 0 358
67 0 363
6 75 435
72 152 426
10 0 422
31 30 435
71 239 435
37 133 435
38 24 435
7 24 435
26 0 278
39 151 435
8 108 435
36 292 435
23 141 435
30 0 290
63 0 308
8 33
37 0 30
0 0 15
29 8 33
20 0 27
13 1 11
25 0 18
22 15 33
1 0 30
41 939
5 0 894
115 218 939
1 28 686
87 0 939
111 583 939
85 541 939
11 0 639
21 0 411
117 354 899
121 414 939
101 0 684
88 0 818
16 304 939
86 0 913
73 539 903
106 265 939
61 116 939
84 429 939
118 182 723
13 6 939
43 62 939
105 492 939
83 555 939
70 180 939
38 0 794
42 0 772
108 0 651
17 0 624
55 12 939
4 0 903
44 253 939
58 0 530
39 526 939
93 253 939
119 0 717
24 72 939
33 0 570
66 80 939
56 327 939
67 175 939
95 230 939
6 815
27 329 815
61 186 815
28 0 815
4 0 537
8 0 462
58 188 595
39 961
72 114 961
97 0 780
124 341 961
42 23 961
70 238 961
119 76 961
87 65 431
4 0 727
75 0 616
129 149 961
106 699 961
87 607 820
31 0 751
125 0 871
6 718 961
69 198 451
93 561 961
79 0 372
84 366 961
86 0 683
2 0 624
113 113 886
99 0 955
100 0 839
80 8 589
62 0 851
71 0 446
116 0 330
73 0 450
32 686 961
85 357 961
49 0 535
110 0 877
61 281 961
103 0 729
121 303 961
21 22 961
68 413 961
29 102 961
46 835
51 547 835
10 0 712
1 58 835
41 480 835
42 0 835
5 0 341
39 11 758
36 0 283
33 0 757
66 180 835
23 224 835
11 590 835
55 40 835
59 126 835
38 141 835
36 295 835
15 0 715
50 0 577
74 158 835
18 227 835
34 0 388
28 0 401
27 126 835
32 55 835
72 321 835
71 477 835
60 158 835
63 0 371
14 0 497
49 167 835
21 153 835
25 309 835
0 30 835
26 432 835
45 0 702
53 0 436
64 203 835
68 0 294
43 0 681
7 0 784
65 0 647
48 0 783
6 139 835
35 0 724
2 0 573
31 16 736
31 605
54 0 392
18 283 605
3 0 472
46 57 230
23 346 605
55 324 605
57 308 605
61 153 469
24 322 605
36 0 312
84 74 323
25 33 605
41 170 605
28 0 304
8 329 605
56 0 556
59 10 605
79 274 557
10 227 605
0 0 580
30 84 213
71 0 585
34 137 605
49 14 605
32 0 595
76 0 516
48 0 326
19 0 311
9 445 605
58 207 605
15 0 571
27 650
98 193 650
60 0 325
73 0 358
12 0 548
81 0 414
22 320 650
53 199 474
90 0 612
27 242 650
66 0 495
13 0 648
9 104 598
91 437 650
68 51 650
103 8 650
21 95 650
49 0 315
104 501 644
83 0 377
99 0 558
56 0 628
72 0 190
41 350 650
28 437 648
1 355 650
95 0 510
32 170 650
16 241
16 49 235
39 0 208
51 23 223
1 186 241
50 123 241
53 75 241
28 0 127
54 31 241
40 0 208
26 153 214
56 0 145
6 114 171
17 48 241
9 97 200
25 9 241
13 0 120
24 938
40 0 716
4 55 731
29 185 938
36 0 577
8 0 697
41 8 938
44 0 636
49 0 659
6 469 938
20 0 899
35 177 624
32 0 803
25 85 938
46 156 938
34 18 938
37 27 938
53 0 879
55 156 938
21 0 588
9 200 938
30 0 699
48 532 938
5 90 938
51 243 936
8 499
12 14 499
19 202 499
7 228 499
2 75 499
20 0 176
5 298 499
16 362 499
6 14 499
38 708
30 0 525
10 25 708
54 203 586
27 158 708
15 0 626
13 0 522
49 0 534
47 365 708
9 114 708
34 268 654
11 0 621
51 0 658
14 0 575
33 441 708
36 301 708
16 0 654
24 0 480
39 159 708
44 0 603
20 0 270
50 17 708
19 0 662
26 290 708
21 253 708
17 76 708
48 0 707
2 272 708
40 304 492
6 0 434
7 52 708
42 275 708
5 0 226
38 0 576
52 0 570
22 56 708
43 177 445
4 11 437
0 0 332
2 387
33 0 312
0 54 314
4 14
34 5 13
17 0 8
41 4 9
8 6 14
42 557
57 429 541
8 198 557
2 127 317
6 17 557
49 152 557
26 0 543
34 0 480
53 18 557
14 20 288
1 29 557
41 7 361
13 243 557
4 0 313
25 287 557
45 212 557
39 33 557
0 73 389
27 0 314
35 134 557
58 72 557
32 81 557
55 0 548
36 0 489
10 0 516
47 0 547
11 0 379
16 0 382
31 254 525
18 0 466
56 193 402
15 0 548
21 0 354
50 84 557
29 260 557
24 46 557
57 0 417
20 0 348
30 22 528
28 261 557
9 0 518
23 0 518
3 0 528
35 887
57 196 887
59 16 887
29 0 658
74 51 812
22 107 887
82 0 448
105 62 887
26 0 757
50 0 696
13 0 782
17 0 847
64 322 887
37 522 887
91 533 822
36 0 521
11 56 887
34 349 887
70 0 772
71 545 887
108 133 887
3 147 887
32 0 833
89 0 821
21 0 681
87 87 887
68 391 887
38 0 684
40 373 887
116 88 467
58 93 887
7 355 887
55 0 481
16 0 706
123 0 867
94 487 887
13 839
53 0 743
49 0 774
13 149 440
65 330 839
43 0 434
36 360 650
58 72 666
15 16 839
82 237 839
0 480 754
11 0 367
21 0 677
62 99 839
12 313
54 5 123
39 50 313
79 0 296
34 0 286
65 236 311
0 77 179
30 0 206
16 0 202
23 0 225
42 132 308
26 0 249
50 0 72
40 131
57 10 131
66 23 79
86 16 131
4 29 131
1 43 123
93 67 131
36 30 62
74 5 131
83 1 131
52 0 84
9 0 111
5 0 59
31 62 131
38 77 119
24 20 131
6 9 131
64 5 131
59 15 131
19 7 131
41 1 131
3 0 112
92 0 115
87 0 77
42 15 52
67 0 107
46 0 129
14 0 47
49 0 106
76 0 116
25 0 114
48 0 85
60 8 131
45 0 106
80 0 50
65 0 68
68 0 115
37 0 122
82 83 131
32 0 87
11 8 131
24 34
71 13 34
34 8 34
24 0 25
27 0 16
80 9 34
44 13 34
25 0 14
25 20 34
33 0 12
77 0 29
18 2 18
82 0 13
17 0 13
15 0 16
45 0 15
83 14 34
70 0 17
35 22 34
49 1 17
0 13 34
36 0 32
88 0 18
59 0 33
58 13 34
11 15
2 1 7
2 9 15
3 0 4
5 7 13
7 0 8
8 3 6
8 8 15
10 2 9
11 8 13
14 6 15
16 0 6
41 372
5 0 204
36 0 316
0 6 372
68 0 215
38 0 283
27 105 372
16 216 339
47 0 263
14 79 372
11 43 329
10 142 338
49 64 265
44 44 372
65 23 372
40 0 233
19 167 348
35 0 143
69 0 328
54 0 305
17 164 246
64 96 372
62 31 372
50 0 285
18 9 127
45 39 277
43 0 251
32 173 372
9 0 326
28 0 351
66 42 372
51 20 254
53 11 128
24 0 220
18 220 362
39 0 221
6 59 372
60 0 271
55 8 372
37 0 212
32 0 124
46 257 372
30 954
37 140 954
45 297 954
50 42 954
39 125 954
34 481 954
44 39 954
26 0 916
58 696 954
19 353 878
54 0 647
48 623 954
52 251 954
16 0 920
18 209 954
14 478 822
47 198 954
38 227 954
28 285 954
42 0 779
31 482 954
0 0 881
57 481 756
3 0 536
17 113 954
51 179 659
32 0 628
30 14 954
5 0 589
23 313 521
12 256 954
9 779
2 30 497
15 0 484
35 0 272
21 330 779
13 0 579
44 141 779
17 0 721
4 25 779
42 268 779
33 781
27 0 429
37 238 781
42 75 597
41 75 773
6 0 386
50 59 781
18 0 679
54 34 287
26 176 781
49 12 781
13 7 781
43 0 616
25 247 571
30 157 399
39 0 759
20 133 781
55 398 781
40 0 460
9 250 781
46 423 705
34 0 771
29 60 781
35 0 521
19 284 781
21 93 781
45 0 651
28 0 609
0 0 605
23 334 781
16 411 576
44 101 516
7 0 357
14 163 500
37 176
63 73 176
74 9 113
21 55 176
85 78 176
26 0 126
77 8 176
52 54 176
19 0 150
6 37 175
57 68 105
67 3 138
58 5 77
7 0 131
35 0 167
42 0 89
75 0 82
78 119 176
15 0 117
9 0 134
70 0 113
71 0 150
14 0 167
81 0 144
28 19 176
5 84 134
53 46 176
16 0 99
36 123 176
65 5 176
61 0 165
82 11 176
4 0 140
43 0 143
80 117 176
64 5 176
47 0 176
24 16 176
25 614
3 497 552
3 133 298
12 395 522
9 112 493
11 567 614
0 364 401
4 105 386
2 0 449
4 73 80
4 475 505
6 275 423
1 20 380
10 29 180
0 41 352
8 56 157
6 0 70
11 284 317
7 247 385
10 212 614
8 422 469
12 0 337
8 504 557
1 399 598
3 424 459
0 452 486
2 100
1 0 49
1 50 100
1 1
1 0 1
47 456
58 0 362
45 0 210
16 0 192
54 124 432
32 301 456
3 0 298
9 246 456
42 0 200
26 0 449
61 170 417
39 2 142
35 231 456
34 120 456
47 207 456
12 0 336
17 125 456
23 11 456
59 0 449
21 11 456
37 123 456
27 98 456
20 0 456
0 0 380
24 7 456
64 0 307
51 21 253
6 229 456
10 0 242
50 233 456
39 171 428
5 79 456
40 0 427
62 0 356
55 114 317
53 34 456
1 125 456
48 0 307
28 0 243
56 0 222
4 0 277
14 179 456
49 148 341
13 0 327
29 14 456
30 0 141
31 101 456
36 193 354
2 445
86 0 124
49 0 322
14 853
12 71 598
1 232 853
34 332 607
26 0 672
50 100 853
38 0 613
29 35 853
46 222 853
33 0 756
37 232 853
13 0 398
17 22 636
10 0 472
28 0 702
39 426
35 207 351
21 0 257
23 0 379
16 0 359
17 90 426
54 231 364
11 132 426
49 168 426
34 0 376
13 0 175
47 55 426
25 335 426
53 103 342
29 37 312
7 164 426
12 74 426
45 15 426
3 0 243
41 0 385
48 194 426
39 0 386
22 96 426
37 95 297
8 30 426
43 116 426
20 0 362
44 85 426
50 0 410
10 238 426
28 0 425
38 202 426
40 0 342
0 0 313
52 121 426
36 80 426
4 121 426
24 6 426
51 263 426
19 130 426
27 843
38 149 843
19 0 817
24 0 641
26 188 843
22 0 711
40 0 743
12 0 212
11 56 843
5 0 633
39 0 788
41 0 843
13 361 675
33 53 843
47 365 843
28 274 843
44 195 843
35 89 843
8 54 843
18 265 843
20 0 562
27 0 347
17 194 432
32 302 843
9 90 843
14 53 843
3 27 843
43 0 836
22 963
0 72 541
98 77 624
15 204 963
95 62 722
82 341 963
3 430 963
101 632 842
21 0 951
53 420 740
1 135 963
74 244 963
27 0 609
17 0 342
10 305 809
99 479 824
61 0 688
49 0 490
85 0 819
56 0 792
58 0 587
13 2 963
38 0 453
48 951
4 0 884
66 439 951
43 629 951
47 145 951
74 277 951
19 187 951
91 0 950
93 0 355
16 0 762
45 76 951
97 0 818
8 0 743
22 108 951
41 0 479
78 269 708
79 325 951
28 88 951
63 0 347
94 0 753
11 144 951
72 127 579
60 0 435
21 54 951
58 246 951
64 0 911
17 683 951
82 433 831
35 0 691
50 488 951
70 218 696
61 0 650
15 370 951
30 0 551
69 45 951
44 64 951
31 451 951
38 291 747
48 0 767
25 653 947
2 580 951
68 89 951
92 0 536
7 427 951
65 138 951
67 251 940
84 321 935
95 0 646
9 0 768
21 420
15 108 304
35 0 254
8 0 408
24 0 369
6 102 342
34 42 420
14 106 420
37 0 408
7 59 160
1 108 420
13 0 274
48 327 420
46 45 367
27 103 193
31 54 420
33 0 360
2 229 420
12 0 288
30 0 327
36 11 340
5 22 420
50 97756
100000 0 54175
19016 0 67626
78315 0 62848
4726 22222 94058
55400 0 59289
10639 55205 97756
4706 0 86529
32779 51166 97756
44558 0 43229
41952 26065 97756
71041 11622 97756
58382 0 97756
44365 9426 97756
45891 27462 97756
97623 0 49691
38914 19504 66727
28665 0 66699
32282 3988 97756
74957 0 91015
17799 0 97533
20760 0 69981
76378 0 78622
61602 0 54554
59706 0 67166
33016 0 70498
12112 0 75739
98696 0 84523
81202 0 62077
10310 0 76293
125 29080 97756
89181 12379 74389
32465 0 65516
71989 0 68472
52686 8757 45106
86427 0 96367
61301 0 78921
55510 19162 97756
99642 30056 97756
55546 24606 97756
89194 1977 55850
35503 0 75944
49800 0 72812
3671 0 43671
16797 59421 97756
44087 11308 97756
20754 0 53477
72359 0 60072
33546 29635 80484
4422 64667 97756
19561 7449 97756
37 44
36 1 42
62 2 44
7 1 44
53 0 32
18 0 37
42 0 34
60 13 44
40 6 44
85 0 40
66 36 44
16 6 44
15 19 44
19 10 44
68 9 44
48 10 44
67 14 44
52 0 43
72 9 28
86 13 44
63 25 44
12 0 40
33 10 44
50 0 17
81 5 44
65 0 22
26 0 21
41 0 30
76 24 32
4 24 44
69 0 25
2 7 22
55 0 39
43 0 32
3 0 27
44 4 44
24 0 28
29 22 44
50 99202
100000 0 96169
53116 50488 74909
23357 18780 99202
93787 9103 99202
77257 34264 95152
53650 55301 99202
2000 0 68636
6898 73147 99131
12900 0 33902
12858 32036 99202
65546 45191 99202
77980 0 95882
41097 0 73031
48945 0 71642
66955 51038 99202
50071 16696 99202
10494 61371 99202
67434 27037 99202
38739 0 90799
19152 16484 99202
27051 0 79043
10760 24800 99202
79707 0 58702
98486 0 60459
82801 0 84683
4012 25667 99202
19910 15157 99202
30982 0 39906
38436 29222 99202
31404 67062 97488
60985 6555 34890
35033 5793 99202
22290 0 84025
60104 36758 57780
69717 0 88052
81327 17662 42294
10245 0 56466
36295 0 76587
53402 13361 39744
8640 12064 92188
72535 17499 99202
72847 38181 90175
10876 31436 85085
93953 0 48837
89083 5610 37974
41329 11393 99202
6862 0 80494
28833 0 80754
40353 4486 93115
87949 6530 99202
50 99837
100000 0 95815
93913 0 66977
2104 17849 99837
48320 49218 99837
7304 0 80739
43258 16624 61903
72280 0 70319
71766 59713 99837
57014 0 46914
78458 8080 99837
58255 15169 62119
82680 0 60629
82281 0 88526
83391 0 67590
15494 25510 51765
43151 0 79307
41441 0 89911
92180 0 75850
75545 0 76272
86796 34804 87458
16858 0 77438
58711 62767 99837
8106 40721 99837
69693 43016 99837
98413 53867 99837
91880 74245 95247
61423 0 48298
43982 46526 69398
6568 0 78679
87471 69091 99837
92154 45282 99837
22638 0 55238
35028 0 47487
53516 29177 99837
2037 46741 99837
63782 0 75575
55030 0 94078
26792 0 63517
69823 16452 99837
75893 0 88108
12290 0 99360
41477 11793 99837
95930 46512 99837
15996 0 76999
22406 21739 99837
67211 0 35852
68589 5451 99837
2600 42828 99837
85115 0 58234
21559 32038 99837
11 77
59 0 49
69 0 42
53 2 77
5 0 50
7 32 77
70 0 67
62 0 71
65 2 77
67 44 77
16 0 35
71 0 60
21 161
52 0 85
20 0 65
18 44 161
49 39 127
42 20 161
32 42 161
21 93 161
68 0 101
79 0 66
6 12 66
82 50 161
81 48 161
13 7 161
12 107 161
1 0 146
23 68 161
36 0 161
57 104 161
9 1 161
71 103 161
16 29 161
50 594
43 104 224
0 430 585
49 0 469
39 94 594
2 136 594
35 248 594
15 0 443
31 198 594
51 337 594
54 32 594
41 0 570
44 0 287
59 0 490
30 0 366
50 0 564
16 29 594
20 0 588
4 121 594
57 0 310
32 0 560
14 0 481
9 155 490
37 157 358
38 168 594
3 97 594
13 0 363
25 391 594
60 0 256
27 308 594
11 410 576
36 72 231
18 198 594
10 158 594
42 112 554
19 0 541
21 137 594
53 0 397
33 351 594
48 227 594
26 0 375
6 12 594
58 290 594
8 0 437
34 276 594
11 206 355
23 73 594
40 84 374
28 55 207
29 285 477
12 0 457
4 328
7 0 197
26 209 328
29 0 243
2 115 328
41 90
50 5 70
68 13 90
102 17 90
53 0 60
10 12 76
60 0 66
21 7 90
7 0 65
72 3 90
30 46 90
34 0 60
59 31 90
38 0 86
121 0 50
118 35 79
81 30 64
71 0 68
25 0 73
65 48 90
107 0 53
66 2 90
13 0 51
119 48 71
31 12 90
39 60 90
92 0 90
9 9 90
63 14 90
22 0 86
64 0 82
80 0 86
69 0 31
110 37 90
5 9 90
61 19 51
17 43 90
32 12 90
12 19 61
35 28 71
117 0 53
1 0 26
5 752
84 0 426
23 0 381
2 332 554
41 96 752
62 374 752
6 435
32 0 245
24 42 435
12 250 435
30 215 435
26 0 376
2 0 269
39 549
8 33 545
54 256 549
55 0 408
6 0 366
47 0 394
22 11 549
21 0 319
56 125 271
59 346 549
36 0 549
64 0 392
16 125 508
3 187 549
18 126 549
62 72 549
61 46 549
65 0 476
35 0 351
19 186 549
5 0 503
44 0 340
63 124 549
33 0 449
26 157 549
14 103 460
50 339 549
40 132 243
30 83 549
10 18 549
53 0 492
39 101 285
17 0 341
60 70 471
1 20 201
4 253 549
9 31 549
15 131 549
2 62 229
11 0 408
10 391
16 0 208
9 177 391
20 10 391
5 13 354
3 0 347
25 47 391
11 203 332
26 0 350
1 43 391
29 183 333
17 95
70 0 50
30 0 56
68 15 95
22 41 95
18 0 93
60 0 44
29 0 71
3 45 95
8 0 92
15 0 78
17 3 27
71 0 30
25 3 95
42 7 95
71 54 95
33 0 82
11 23 95
34 266
37 20 188
43 0 171
26 158 251
31 82 266
36 70 183
47 0 264
0 0 63
49 0 91
50 38 232
10 58 266
3 33 266
46 55 266
19 30 266
20 0 146
42 27 266
7 85 266
17 103 266
52 79 266
14 0 135
35 0 255
32 0 263
12 0 254
6 160 247
1 0 258
16 39 266
53 80 266
5 0 231
2 45 150
25 34 266
8 52 266
44 0 224
27 73 266
21 34 266
23 24 266
30 383
122 128 383
5 8 383
112 0 367
49 11 383
32 223 383
108 0 260
8 202 314
89 0 244
61 0 188
78 0 129
0 0 264
80 22 383
15 103 383
123 0 378
52 122 383
107 20 383
113 0 227
72 36 383
83 92 336
1 85 383
85 0 348
77 9 209
59 0 378
127 0 218
7 0 366
50 181 274
64 130 383
75 0 304
38 0 332
46 54 383
50 99629
100000 33578 99629
93968 58008 99629
7777 61870 99629
63063 0 97400
49423 0 88597
62415 0 75824
10072 0 56236
62713 0 24174
85176 0 67480
6616 18900 99629
76738 0 51095
57889 26965 99629
38741 20514 99629
70183 81 55049
10602 15490 83959
57447 5268 34357
54944 44803 99629
4636 8185 60844
64296 13420 99629
44812 0 94407
77498 10027 99629
67244 21994 79214
1358 0 37130
27065 0 58248
9235 0 97386
34017 30123 99629
56623 16271 93391
37431 29027 99629
80162 0 63839
24606 0 65291
82671 12616 99629
97632 10606 99629
44487 7651 85687
16618 0 53003
93589 50440 99629
9665 63272 99629
59069 0 90143
54268 0 48718
55186 16785 99629
42975 11523 99629
29368 65377 99629
9458 37811 99629
80076 28844 63130
40271 0 55631
56686 45484 86363
43977 0 65067
4344 35718 89107
28882 0 51635
15018 4056 99629
30523 0 58753
39 22
108 0 18
22 10 18
77 12 22
98 0 12
31 17 22
18 0 13
68 0 21
46 11 17
44 10 18
45 11 22
9 6 19
4 8 22
33 4 22
105 0 15
58 1 22
0 4 22
6 2 11
83 0 18
71 0 20
70 7 22
100 0 20
116 1 22
38 0 17
107 0 6
62 0 20
84 7 22
24 2 22
53 8 22
2 0 15
64 0 19
65 3 22
1 6 22
110 3 22
67 0 21
92 11 15
102 13 20
61 1 22
4 0 6
85 0 16
41 396
23 0 281
3 163 396
61 299 396
65 259 396
35 84 396
1 47 396
63 166 288
6 0 170
52 0 286
25 85 390
37 0 385
10 179 396
36 0 350
29 0 175
8 128 207
31 0 337
16 0 265
68 244 396
15 0 218
15 262 385
49 0 360
19 0 223
9 67 396
33 4 225
32 185 396
20 172 396
40 0 172
44 34 278
66 230 327
13 0 395
42 0 272
0 151 396
2 0 325
67 14 396
12 15 396
10 32 155
11 0 327
39 105 396
48 0 391
46 0 223
51 44 396
50 96584
100000 0 94697
73849 14298 96584
93796 24441 96584
13460 24999 96584
10767 56877 96584
92069 44057 96584
75407 62653 96584
96263 10526 96584
3620 9617 74034
59437 0 63032
64203 40718 96283
17953 0 52219
35414 0 67173
59734 10674 96584
78977 0 37380
16388 4097 96584
10495 0 84305
34264 0 42586
53344 0 78592
46596 0 76741
767 0 82734
76046 0 92700
69677 57469 96584
71407 0 78091
66144 0 80435
48261 34023 96584
96994 3717 71988
28809 0 63831
14149 0 96584
97692 0 94155
12011 31215 96584
99283 21773 96584
30636 0 83267
69214 0 72741
9147 0 67523
58603 38955 96584
20284 38889 94358
58663 13951 65504
97228 0 42290
31577 44555 96584
65257 18384 96584
7620 0 78381
62421 0 57178
47356 35657 96584
5542 0 88859
1532 23726 96584
58719 4324 96584
12941 0 83068
48258 0 93141
73165 44971 96584
45 268
19 0 217
24 0 181
26 11 112
56 72 268
12 29 268
10 0 117
5 79 171
33 0 104
27 0 252
58 0 107
20 0 120
66 116 261
22 17 268
65 0 249
66 0 67
1 0 200
14 0 231
70 44 112
62 75 268
45 83 189
50 40 268
39 0 268
58 149 268
4 0 191
2 66 241
63 30 243
72 0 265
13 0 254
52 0 195
30 38 112
36 146 234
46 58 268
75 0 205
9 39 268
68 191 268
17 139 246
43 0 115
7 0 236
18 0 131
74 132 268
44 0 215
49 0 257
31 0 211
35 0 155
73 98 181
1 413
44 138 413
42 822
25 0 805
20 163 822
27 1 594
61 165 822
1 0 634
89 333 822
4 55 498
73 0 822
12 0 178
6 0 371
75 0 818
35 0 741
78 156 822
48 184 822
31 256 822
41 132 822
85 74 822
40 0 610
21 175 822
102 0 663
59 0 623
16 4 822
87 172 822
91 0 442
83 51 822
36 212 544
103 155 822
38 244 822
77 423 822
9 252 822
79 271 822
26 251 822
64 0 536
82 257 822
86 0 372
100 0 733
17 0 773
15 0 777
81 58 822
51 57 822
96 0 647
7 268 822
40 202
28 0 192
69 0 192
51 0 191
32 3 202
49 0 107
25 0 165
74 0 94
36 0 163
63 86 202
6 40 167
66 32 150
82 0 185
40 0 188
60 25 188
18 112 156
0 0 156
43 22 202
91 53 202
4 37 121
1 56 202
38 96 177
62 59 202
22 0 192
86 44 202
37 26 202
47 16 202
2 2 102
20 0 183
55 12 202
71 74 134
39 0 84
68 148 202
83 55 202
79 96 202
58 69 202
90 46 120
33 0 180
23 0 200
81 0 65
35 20 202
18 755
13 121 755
18 0 550
30 418 720
63 82 755
33 0 735
61 320 613
46 0 614
57 231 755
29 27 755
19 227 755
50 258 424
2 108 755
49 197 615
30 0 347
43 0 679
45 265 755
37 0 694
16 163 755
1 709
62 235 709
44 332
115 241 307
48 65 332
64 0 250
125 0 183
3 0 224
86 58 332
87 113 332
18 0 268
51 2 108
45 73 283
122 0 305
6 211 332
107 138 332
110 13 332
57 128 332
117 71 332
76 139 332
22 112 332
30 67 332
12 59 332
23 0 271
44 12 332
46 37 297
120 59 332
41 0 316
81 3 177
112 0 318
40 71 139
81 240 332
59 0 265
103 0 293
15 0 219
94 91 332
11 96 332
80 48 332
56 0 255
66 0 316
75 67 332
4 64 332
118 0 307
68 0 312
38 0 254
70 42 332
65 163 332
45 66
47 20 36
28 27 66
22 9 41
81 0 47
37 0 48
8 0 47
9 0 29
10 36 66
24 0 61
49 0 51
67 0 36
15 0 54
74 27 66
50 26 66
38 0 36
54 0 42
29 22 66
17 0 28
32 5 52
31 6 66
41 40 64
27 0 65
80 10 66
25 0 61
55 1 66
72 21 35
16 23 66
65 0 55
62 0 43
23 8 52
58 0 31
57 0 51
7 10 52
60 1 31
76 0 39
3 19 56
77 26 66
45 21 66
61 1 66
42 21 54
56 12 66
76 47 66
4 0 63
30 0 51
6 0 53
10 29
7 0 25
26 8 29
2 7 29
15 12 29
25 8 29
13 0 28
18 20 25
8 21 29
14 11 16
31 14 29
27 176
2 9 176
57 7 78
19 79 176
3 56 101
39 0 170
16 31 176
59 0 75
20 116 160
1 54 176
28 0 123
0 37 77
31 8 176
8 0 37
34 20 176
53 24 112
42 0 142
46 0 171
63 90 176
56 74 176
4 82 176
29 0 164
11 68 176
9 46 176
47 89 151
15 0 135
36 0 140
37 8 176
48 916
57 60 857
62 0 811
42 129 916
64 0 542
36 372 916
8 23 916
39 217 736
45 0 685
46 0 871
18 232 836
73 158 895
2 0 348
40 0 292
1 367 916
25 182 916
0 103 546
59 0 558
22 71 916
72 0 457
60 451 916
52 25 916
16 0 855
47 0 435
61 235 916
54 144 916
38 0 568
30 191 916
3 116 916
21 114 916
65 0 888
14 187 916
34 0 884
74 321 916
70 385 916
10 6 916
2 444 916
28 90 916
19 0 707
55 0 916
47 454 916
41 474 754
71 0 893
17 28 916
29 255 543
51 263 671
13 0 511
53 0 476
69 271 916
19 65
63 11 65
3 1 65
46 7 65
37 33 57
24 0 62
27 0 51
80 2 65
35 13 46
30 0 59
58 0 60
70 2 62
13 4 26
68 0 60
25 1 45
73 0 42
31 1 65
19 44 65
2 0 24
56 0 48
50 79
6 7 79
99 23 79
48 36 79
60 13 79
27 46 62
92 0 72
72 40 79
94 30 79
59 37 65
29 8 79
58 0 60
16 1 79
47 0 48
69 0 53
77 0 61
78 0 66
30 30 59
73 6 79
88 0 67
79 21 79
35 2 79
18 0 60
66 14 70
9 6 61
101 29 74
75 0 71
96 0 75
67 31 72
23 0 24
14 4 79
81 16 79
3 0 71
53 4 79
24 8 79
19 26 79
74 0 63
37 40 79
97 19 79
76 0 52
86 0 63
55 1 79
1 0 37
95 34 79
65 0 26
61 45 79
98 0 43
83 18 79
8 0 79
39 21 49
26 37 79
17 335
97 70 335
104 0 157
18 88 301
37 65 217
91 132 270
88 137 335
30 0 330
17 16 335
8 0 276
55 11 335
83 0 270
102 0 229
58 0 316
75 0 183
7 0 198
92 0 263
36 0 313
7 574
10 286 548
61 324 465
60 211 574
24 16 574
80 26 322
73 0 260
21 0 565
50 96508
100000 32882 93677
59922 43895 78779
48315 0 91466
32175 0 89598
28528 11643 96508
15318 0 25499
55353 27219 96508
54992 2942 96508
13887 16222 54956
10634 2916 96508
2102 0 24532
67776 30369 60023
41676 42268 96508
60835 44598 96508
37004 70274 95720
61534 75305 94960
44984 10510 96508
58581 28259 96508
27753 6216 32533
9541 1784 21778
59786 0 45375
93771 48077 96508
44584 0 55645
36499 29389 96508
79449 71921 91624
80255 2579 96508
15361 67731 96508
9466 0 90017
74756 0 75314
38462 0 69152
98631 0 34467
15935 47795 89829
36500 0 86218
88905 0 67419
41475 6323 96508
90840 49406 96508
18687 0 87227
11938 0 67274
28684 49605 96508
4507 0 62901
76550 67291 96508
26974 0 85833
68073 20815 96508
19986 60220 96508
47414 0 63611
87381 50744 96508
66492 0 61969
33838 8120 96508
79373 18549 96508
41142 0 52462
28 234
23 140 234
52 64 234
22 0 117
42 90 234
41 58 234
48 7 234
35 0 117
60 153 234
47 15 234
56 110 234
8 5 234
4 0 213
25 111 195
12 9 234
55 0 205
45 0 231
62 1 58
64 9 234
40 0 232
32 40 234
5 50 122
58 105 234
50 103 191
63 0 176
44 20 234
7 46 234
0 0 177
6 90 234
28 707
22 208 707
38 104 707
20 186 443
31 284 707
4 132 707
1 60 707
42 91 707
49 112 681
37 178 655
36 309 707
16 0 483
15 245 707
51 0 688
44 0 235
14 283 707
0 335 707
21 0 591
17 219 707
46 18 161
47 139 400
10 287 707
23 0 237
33 63 707
26 285 707
3 0 503
12 18 707
13 0 412
50 0 193
26 232
37 47 232
6 9 122
30 0 191
15 19 232
34 66 232
32 25 232
42 6 155
3 0 218
9 0 153
13 72 232
10 0 205
35 0 207
5 0 148
31 0 136
39 0 106
7 115 232
18 0 102
28 116 232
11 114 232
27 78 151
40 146 232
46 0 111
12 102 232
2 0 232
11 0 80
38 21 232
27 907
28 0 586
65 34 907
49 225 907
29 0 857
9 270 907
74 237 907
36 599 907
0 167 907
33 499 907
52 0 670
71 6 907
22 58 907
20 431 907
11 41 907
4 379 907
39 9 907
62 199 403
27 278 907
55 607 907
72 366 733
2 0 539
41 223 907
38 0 851
50 371 700
76 0 685
19 0 702
10 0 845
18 923
25 7 804
50 0 866
5 0 366
85 568 923
79 600 923
45 0 923
73 490 923
69 82 923
23 76 923
13 0 859
44 119 923
0 0 329
38 218 923
6 53 372
98 0 782
37 74 802
31 53 923
46 520 923
13 595
19 4 340
25 0 443
51 7 595
23 0 447
9 0 463
58 49 443
1 192 595
59 387 595
36 47 595
29 41 595
4 0 469
57 36 595
62 0 526
45 611
60 42 611
84 0 531
64 4 611
52 43 611
15 0 473
92 122 611
95 244 579
77 110 611
82 215 611
49 29 345
65 34 611
69 0 322
12 186 611
27 0 414
113 0 410
19 234 611
54 0 515
76 0 579
2 0 403
72 0 411
97 34 365
51 0 474
116 0 584
8 0 600
56 180 472
36 419 611
53 89 392
101 0 582
83 0 602
85 0 571
5 40 611
106 58 611
10 156 611
11 170 611
115 59 611
62 281 611
61 135 293
90 0 425
9 136 272
6 0 486
42 0 468
29 242 611
1 155 611
66 357 611
18 0 329
46 381
64 249 341
1 80 381
16 80 381
9 0 355
55 0 285
7 60 276
2 0 183
43 0 360
49 142 381
51 103 349
8 0 381
20 54 381
56 0 190
45 167 381
59 80 381
24 0 304
5 247 381
52 22 381
3 62 381
41 0 365
12 126 381
21 0 263
62 0 367
32 223 358
23 50 381
25 82 381
19 12 381
39 0 364
14 101 381
53 4 381
17 202 381
61 0 151
54 103 325
31 167 381
29 0 91
10 91 381
5 52 171
4 169 324
40 0 299
46 64 381
29 237 329
57 0 303
26 0 198
2 211 381
34 221 362
0 113 270
27 744
53 317 744
29 0 687
22 0 382
48 124 402
1 212 613
43 290 744
47 282 476
26 256 744
8 301 744
15 0 696
13 309 639
4 443 744
14 117 744
10 0 485
11 0 640
5 160 744
7 0 744
40 0 355
44 182 414
52 63 744
6 0 578
17 0 358
24 0 636
13 0 302
12 0 733
25 0 657
51 0 717
3 276
20 85 276
41 0 265
5 0 219
1 693
71 0 478
43 177
95 0 83
10 0 155
62 80 177
6 0 105
118 50 105
3 63 177
50 0 100
9 0 112
115 0 52
13 0 116
76 43 177
79 0 80
94 44 150
37 5 177
114 0 140
74 68 177
87 0 110
77 0 113
35 0 136
52 21 177
92 29 177
12 15 177
28 44 177
42 57 95
20 0 100
111 52 177
121 29 177
53 65 143
58 0 69
91 45 177
54 5 177
120 41 177
69 60 177
73 0 133
106 0 74
103 8 177
22 73 167
96 66 177
89 33 177
0 102 177
105 4 177
65 0 174
112 0 158
32 216
63 24 100
108 0 176
86 91 216
84 57 209
32 3 216
12 17 216
72 38 216
69 4 216
49 15 216
17 0 186
66 0 174
56 0 59
102 0 185
4 10 216
94 0 190
38 117 216
75 43 216
31 55 129
88 93 216
10 134 216
68 0 147
45 0 106
34 89 216
43 77 216
70 81 216
8 72 216
106 41 216
14 0 183
83 86 143
105 68 187
1 79 216
45 116 216
50 442
31 0 235
7 123 362
23 40 312
73 255 372
78 233 442
22 0 259
4 128 442
86 18 442
0 143 442
5 30 129
15 187 308
49 0 367
58 217 442
19 119 442
20 203 442
33 0 363
88 84 442
14 20 442
57 159 439
27 0 346
3 57 442
51 0 220
32 94 442
64 0 207
36 0 330
38 56 442
35 0 431
45 317 442
37 152 442
28 97 442
42 0 412
12 59 392
65 1 442
84 0 201
29 0 365
34 0 413
30 108 442
66 36 419
2 107 442
6 246 442
52 4 442
82 0 345
59 81 442
24 225 421
39 0 422
26 0 401
47 47 442
83 98 297
44 0 394
53 0 369
37 808
47 0 673
42 405 808
76 0 628
5 0 782
69 226 808
78 192 808
85 316 808
57 177 517
9 58 808
11 0 369
34 0 613
99 139 808
35 0 762
2 133 808
49 29 808
94 0 457
3 0 446
77 0 530
13 318 808
18 0 237
29 0 808
98 0 762
103 0 758
56 241 808
68 0 296
8 9 808
25 98 808
44 288 808
48 0 785
17 0 555
92 393 797
74 0 445
24 0 367
102 565 808
89 0 238
4 268 703
21 7 808
27 484
39 0 441
6 324 467
11 55 484
4 0 197
42 317 480
44 0 447
5 0 183
47 158 484
15 0 384
4 322 484
45 46 484
9 0 354
10 0 350
7 34 484
41 0 212
25 326 452
23 10 484
17 77 484
13 8 420
24 66 484
5 253 379
14 180 484
16 234 336
20 0 243
0 31 484
26 0 274
46 213 484
25 560
5 0 389
7 231 560
13 0 433
29 157 429
14 0 559
36 0 362
9 0 373
1 164 560
11 161 407
20 0 392
35 0 430
33 0 502
8 67 317
6 84 560
23 0 302
19 274 445
18 28 560
30 128 560
0 0 357
24 225 560
3 0 488
10 15 560
12 39 560
28 0 552
26 142 560
1 707
75 125 515
50 100000
100000 25697 100000
96114 0 75919
55020 45840 100000
12712 30014 100000
8973 0 62582
36320 6906 56362
66239 36919 100000
98030 50788 100000
36614 0 56722
6471 46773 91136
97823 59309 100000
38506 0 72487
69706 0 97253
75371 46851 99114
71451 21863 100000
41964 21457 100000
82415 0 99442
83585 0 73981
55014 0 100000
8483 54911 82330
62819 18776 38932
92868 28387 100000
41311 0 65188
83336 15898 56458
2864 0 55258
75766 0 77956
40160 1301 100000
46238 16980 100000
75249 51257 100000
7754 22034 55502
19835 0 91045
6406 0 93733
94401 37861 100000
10218 0 50747
25496 0 59498
49929 52410 82083
88840 419 26105
47287 0 97402
34402 48022 81453
95982 0 38149
94061 4309 74476
91984 23971 70310
21500 0 80809
59436 0 57030
53720 0 40937
63724 23903 100000
44995 0 76747
16687 0 65194
59953 0 83332
16243 8047 60955
31 632
24 122 632
31 173 454
38 0 268
18 55 231
9 26 325
7 104 409
48 24 632
37 0 630
18 395 632
41 0 562
33 52 632
20 0 331
15 195 522
26 152 562
5 0 624
16 0 575
12 0 537
11 0 409
47 310 632
4 36 469
1 277 632
44 396 543
6 0 614
46 162 632
0 0 494
28 0 574
22 0 464
13 0 625
17 305 632
30 256 632
27 30 632
22 633
73 0 628
63 382 633
43 32 508
58 0 486
55 197 633
0 99 633
83 96 222
9 0 544
4 374 627
88 16 633
57 0 517
82 258 633
70 168 321
12 12 633
74 0 605
80 0 447
41 279 633
75 200 633
64 169 355
36 7 486
2 269 633
15 0 415
3 9
33 0 6
66 0 9
99 3 9
35 848
75 0 476
57 263 848
76 0 672
45 286 848
64 481 693
1 459 845
50 19 848
18 471 848
5 0 813
47 112 848
67 0 198
61 0 359
55 0 748
38 303 848
35 461 848
39 0 726
53 132 848
63 228 668
14 602 822
0 0 505
19 0 632
44 133 848
78 0 743
23 0 514
43 36 848
58 658 837
10 211 434
51 221 455
24 291 681
71 61 848
25 103 760
46 0 346
8 0 730
29 17 848
14 0 522
40 634
46 0 507
12 47 634
35 0 529
58 123 634
105 3 634
64 302 634
57 321 634
6 0 364
72 179 624
55 0 422
18 0 524
78 0 492
71 20 541
95 27 634
13 124 634
48 0 547
20 350 634
16 471 634
4 198 472
41 0 610
67 0 425
43 0 512
8 0 320
61 0 209
65 38 634
84 0 377
60 0 251
89 91 634
77 180 634
63 409 634
23 70 253
52 180 634
104 108 634
87 0 188
97 3 634
15 265 496
98 394 634
57 0 256
94 0 380
64 0 175
42 492
57 139 492
36 93 393
0 134 380
81 187 287
34 0 203
69 21 492
121 0 330
125 82 492
75 89 492
15 110 492
96 0 457
44 193 435
46 184 492
117 0 412
102 0 326
38 0 455
23 0 301
51 0 395
99 86 453
4 121 323
66 143 492
63 347 475
59 34 300
42 200 492
18 0 365
10 3 492
63 0 262
58 0 357
64 164 492
12 213 492
103 0 467
50 0 390
95 148 492
107 44 492
16 0 244
82 0 421
72 142 492
20 30 492
104 306 407
3 0 350
53 0 396
78 147 492
27 133
101 0 87
70 0 119
7 0 131
105 23 107
11 0 91
75 78 133
38 82 133
51 0 82
56 22 133
18 71 133
43 13 40
14 51 133
74 8 133
6 8 133
22 0 29
33 52 123
23 0 104
52 41 133
34 68 133
29 0 108
19 0 97
20 0 112
37 25 133
0 0 92
91 1 59
21 0 76
92 43 133
45 153
90 12 153
28 65 153
98 75 153
92 39 152
103 0 124
91 98 153
117 13 95
44 59 153
36 39 153
101 0 144
25 50 153
71 24 130
14 50 153
67 42 153
54 0 73
2 13 153
1 9 106
105 0 149
13 0 123
34 0 99
23 66 153
100 64 153
48 104 153
21 50 153
55 0 114
33 33 121
51 0 152
64 4 95
75 0 153
73 0 152
38 7 153
70 0 127
89 0 136
43 67 133
30 70 143
31 21 153
99 91 136
74 47 85
78 0 122
110 25 153
50 18 100
5 0 109
93 50 153
59 51 153
60 0 83
44 724
47 98 724
29 0 481
7 0 644
24 286 724
19 158 724
5 436 724
33 0 715
13 141 724
56 301 724
39 0 631
42 350 724
26 3 724
31 0 670
18 31 724
65 321 507
63 101 716
12 0 586
64 55 724
2 86 724
34 82 255
52 0 358
8 244 724
53 169 724
15 0 583
6 0 621
1 69 315
27 225 724
58 286 724
17 417 689
22 0 610
66 433 724
59 0 613
45 302 724
35 0 400
25 0 623
42 0 320
4 51 724
21 376 724
20 362 647
61 0 574
60 0 427
41 0 513
54 77 724
62 364 669
23 201
12 24 94
93 3 201
84 34 201
4 0 188
40 0 187
3 25 201
24 0 166
95 0 194
6 39 201
75 0 60
104 85 201
101 0 158
34 0 192
80 0 195
79 138 201
0 0 131
7 119 201
102 64 194
11 0 101
57 93 201
9 6 201
73 0 134
77 20 201
37 695
52 57 695
56 0 283
36 0 684
53 0 551
41 330 695
0 0 539
34 0 524
20 340 695
45 370 693
16 43 437
48 173 695
50 46 695
22 236 695
57 71 695
11 0 384
8 207 695
5 205 695
19 159 695
33 135 695
12 24 695
49 0 603
9 234 695
51 0 623
3 175 695
35 107 695
24 0 581
31 96 695
26 144 695
46 326 695
42 0 426
58 0 352
6 0 478
55 0 244
43 125 351
32 365 695
21 0 515
2 65 285
